71 220 128 221
211 220 220 140 221
220 220 128 220 220 220 180 220 220 180 220 220 215 220 143 221
161 220 128 192 192 192 221
220 220 137 160 221
220 161 165 88 220 80 189 189 221
158 8 220 92 221
129 221
220 220 88 220 20 220 220 180 146 220 220 150 221
220 220 220 88 220 59 220 128 220 214 221
220 180 220 161 220 128 72 221
220 74 220 220 180 220 220 74 220 192 221
220 180 220 158 220 220 210 221
220 180 220 88 220 220 16 220 220 25 118 161 80 220 192 221
165 88 9 221
220 220 220 160 221
220 220 214 220 128 221
118 210 221
220 220 221
220 164 220 164 220 221
174 220 220 192 192 192 221
220 220 7 180 18 220 220 220 220 128 221
205 180 220 195 128 221
9 220 164 158 118 220 220 164 52 220 164 52 220 164 52 220 164 205 221
220 220 88 220 220 88 220 180 220 220 192 221
170 168 220 220 221
98 131 220 25 142 104 161 120 220 161 168 115 220 220 210 214 221
174 131 220 220 88 220 221
220 220 161 215 18 92 220 101 220 220 220 116 221
107 202 220 2 18 180 220 134 220 221
220 35 220 220 221
122 220 101 87 220 220 220 53 220 64 102 221
56 104 221
220 210 93 205 221
21 220 192 192 192 221
174 220 220 160 160 160 221
220 170 186 220 180 158 118 91 168 220 88 220 164 163 164 220 14 220 220 221
220 220 128 192 192 221
220 14 220 164 16 164 220 14 220 221
132 180 220 129 160 221
8 220 180 220 160 221
220 192 221
220 220 88 221
220 209 215 38 220 221
220 220 214 221
185 208 208 71 220 128 221
89 213 86 161 220 164 220 221
21 220 198 220 221
220 180 220 200 44 158 140 221
174 220 35 220 221
220 220 140 221
220 220 160 221
205 220 210 221
220 220 220 88 220 210 180 220 221
220 221
21 198 134 221
9 134 220 88 220 210 192 192 192 221
220 160 221
70 220 220 214 221
174 220 135 209 220 221
110 220 221
220 221
97 220 192 221
21 180 220 221
220 220 192 221
220 220 220 88 220 221
220 221
174 220 160 221
220 221
220 221
220 220 88 220 220 77 220 128 215 189 221
220 168 220 180 220 220 180 220 192 192 192 221
196 220 180 220 221
220 221
220 220 180 220 180 220 220 220 148 220 220 221
220 129 220 220 220 221
220 220 160 160 160 221
220 192 221
220 118 220 221
170 21 201 180 215 220 220 220 25 74 220 220 160 221
220 214 221
220 214 221
220 220 118 220 180 208 221
220 118 36 220 180 220 220 180 220 118 215 220 88 220 220 221
9 51 220 180 118 103 88 220 220 88 180 145 220 180 220 221
181 220 220 128 101 198 128 221
220 220 128 88 220 221
83 220 220 220 180 220 67 160 160 160 221
220 220 220 210 221
118 210 221
158 215 207 85 88 220 221
220 120 220 220 209 220 102 220 48 88 135 146 220 102 221
220 161 139 220 88 220 220 220 220 220 221
220 134 220 180 220 86 220 221
118 221
220 128 213 116 116 221
208 208 180 220 128 141 128 221
220 128 220 221
220 220 220 186 220 220 221
9 220 210 93 221
220 134 220 220 164 220 220 220 164 25 118 220 221
220 221
220 92 174 220 215 152 49 64 192 192 221
220 128 180 220 135 53 220 85 180 220 220 189 221
158 220 103 8 220 88 173 13 101 220 128 203 192 221
220 210 221
220 214 214 221
220 220 128 220 160 221
21 198 134 221
183 220 220 220 128 150 221
220 220 220 103 160 221
220 220 25 87 220 221
220 88 220 25 99 220 220 220 220 88 175 221
220 99 220 220 221
127 220 191 220 221
220 210 153 153 221
186 132 220 221
220 142 41 220 221
161 92 220 210 221
220 128 180 158 183 130 137 160 221
220 220 220 221
220 88 220 160 221
151 220 88 49 118 220 164 121 220 86 128 220 221
174 220 220 180 220 220 9 154 180 215 220 210 160 221
219 220 220 128 189 221
107 86 220 220 13 180 220 134 220 220 220 128 141 165 220 185 221
9 220 210 221
220 220 9 128 220 160 189 221
220 160 160 221
61 220 220 140 221
97 220 220 88 9 178 192 221
220 220 198 220 180 220 220 221
220 180 220 220 220 160 221
21 220 221
89 18 89 127 220 220 221
9 140 180 220 128 221
220 35 113 210 220 221
220 49 139 220 88 100 220 25 215 6 192 221
21 135 220 221
220 220 220 160 221
220 136 220 220 192 221
112 170 199 220 220 118 85 192 221
220 64 189 221
220 161 174 220 88 180 220 128 75 189 221
220 221
220 220 38 220 164 220 101 9 221
220 220 101 220 180 220 160 221
141 34 90 220 30 220 220 88 220 25 220 215 71 220 221
161 220 128 20 220 220 220 171 64 164 220 220 128 17 164 220 221
220 221
220 128 220 88 201 220 180 220 220 220 123 101 220 128 192 221
220 220 220 220 180 220 220 220 221
220 220 180 220 221
220 220 160 221
220 220 128 189 221
220 168 220 44 220 189 221
84 128 180 121 220 172 165 128 180 220 74 220 180 158 207 128 141 180 185 221
183 220 85 88 49 140 153 136 220 180 220 52 220 220 84 88 220 189 221
220 220 180 220 220 220 221
220 220 221
118 220 221
220 164 220 220 164 220 220 221
203 49 92 179 220 88 220 210 221
220 220 139 220 88 140 192 192 192 221
8 220 2 220 220 180 220 220 180 220 220 8 192 221
122 220 220 180 161 146 140 180 221
35 220 160 221
68 118 220 88 180 220 160 221
220 220 180 16 15 220 220 220 220 221
43 163 159 43 163 43 163 159 161 220 220 88 204 91 220 220 140 160 221
220 220 118 92 220 189 221
220 220 221
220 210 180 135 220 160 221
16 161 88 220 6 220 192 221
165 88 220 180 221
9 129 210 143 143 221
129 210 160 221
220 220 88 220 180 221
220 220 88 189 189 189 221
213 220 118 220 160 160 160 221
220 160 221
220 200 158 221
196 220 88 221
208 164 220 220 220 164 91 220 220 221
220 220 220 221
220 220 88 220 221
220 180 220 220 72 220 88 17 180 203 220 19 220 221
220 70 180 220 220 221
220 191 191 191 220 198 20 175 137 191 191 191 221
220 50 220 220 220 220 220 180 123 220 92 17 189 221
101 56 221
98 220 210 214 221
174 220 220 220 220 220 192 221
112 220 165 220 16 220 88 49 220 115 221
125 181 217 220 70 180 18 220 135 220 192 221
118 168 220 192 221
220 131 20 129 221
74 85 137 180 220 79 1 221
209 220 221
220 153 118 85 153 185 153 221
220 220 221
69 49 180 138 220 192 221
220 220 180 220 220 1 164 14 164 220 220 220 220 220 159 220 220 160 221
220 69 52 158 64 116 221
73 220 220 152 220 220 220 220 220 22 221
220 160 221
220 220 220 180 220 169 220 220 192 192 192 221
205 180 123 110 88 137 160 221
161 220 220 221
21 9 220 221
220 220 214 220 220 214 92 204 45 220 59 220 220 85 42 220 220 220 214 221
220 88 220 220 220 220 160 221
132 180 220 128 221
158 132 220 180 208 205 221
18 128 77 220 88 220 180 220 141 220 88 220 220 88 220 221
220 123 139 220 88 92 220 189 189 189 189 189 189 189 189 189 189 221
220 220 220 220 221
220 107 220 50 128 220 180 220 220 88 180 220 67 192 221
35 220 220 118 127 220 6 169 220 101 220 220 128 88 220 192 192 192 221
220 180 220 192 192 221
220 169 220 220 221
220 220 192 221
220 120 220 220 128 180 158 88 59 220 128 180 96 220 150 189 221
220 220 101 220 220 220 192 221
220 221
183 150 189 221
220 220 180 220 103 220 221
220 101 45 220 220 128 210 221
220 146 165 88 84 220 150 189 221
220 1 128 180 205 180 158 220 220 128 221
158 184 36 204 220 175 214 221
220 221
220 220 220 134 182 88 220 221
220 220 221
161 220 150 221
220 134 220 189 221
220 180 220 180 220 192 221
220 9 126 180 220 8 220 220 214 214 221
137 220 220 220 128 160 221
220 164 21 9 220 210 221
220 164 220 164 220 164 220 164 80 164 220 193 220 220 144 221
132 220 220 220 220 68 220 160 160 160 221
8 220 88 220 161 197 220 128 220 221
161 88 220 118 220 220 88 189 221
220 220 220 180 220 220 119 88 220 220 221
158 91 74 220 220 220 164 220 220 101 220 220 221
220 102 164 102 164 220 180 170 102 164 102 221
9 221
220 88 180 220 220 210 221
210 185 221
208 205 221
220 221
69 49 220 180 69 49 220 180 69 49 220 153 153 50 60 69 49 192 221
220 164 158 54 195 161 128 221
220 220 214 221
220 180 220 221
220 221
220 220 53 220 189 221
220 220 88 220 14 221
220 128 180 118 220 88 154 150 192 221
2 220 128 180 220 180 220 74 220 88 192 221
220 221
83 210 221
220 220 128 221
220 134 220 221
220 220 220 180 220 134 92 220 88 162 220 128 160 221
181 220 177 56 177 220 10 128 140 221
220 158 220 158 220 158 220 158 220 158 220 158 220 158 221
220 30 220 220 220 52 41 12 220 210 192 221
21 200 220 210 180 168 221
220 93 93 93 221
220 220 221
220 221
220 220 134 220 213 112 153 153 221
220 150 189 221
21 198 220 221
74 142 220 150 189 221
215 220 88 220 180 146 220 9 220 160 221
135 220 210 221
220 220 186 220 179 59 118 221
220 134 220 220 180 220 220 220 221
220 220 220 221
56 128 220 220 180 220 128 124 221
220 220 46 220 220 180 220 180 198 220 192 221
220 220 98 88 220 220 131 161 168 220 220 192 221
61 220 88 180 83 25 215 220 180 72 220 180 89 53 220 103 88 220 116 221
35 9 180 220 221
220 164 220 164 201 220 220 116 221
213 220 134 115 9 192 221
146 140 220 220 220 128 221
46 144 180 220 220 221
215 96 134 220 220 160 221
174 220 220 128 180 158 59 168 220 220 180 205 221
220 180 220 220 220 192 221
220 119 88 128 221
21 9 221
220 192 192 192 221
220 118 220 88 46 74 192 221
220 220 88 220 180 220 128 150 221
9 129 160 221
220 152 220 109 141 192 221
220 220 88 220 16 152 220 189 221
220 164 158 59 220 88 8 220 221
118 220 214 221
220 220 221
220 219 142 220 220 128 221
220 210 180 209 175 221
220 220 221
220 220 35 132 214 221
220 101 74 220 115 128 180 220 220 221
161 220 168 220 202 221
161 88 220 118 220 220 189 221
205 221
220 186 199 220 221
220 220 210 214 220 118 220 192 192 221
62 57 220 220 219 134 199 49 165 220 74 220 38 220 160 221
161 211 170 190 166 21 140 189 221
208 205 220 128 221
111 220 220 180 220 220 220 160 221
220 220 220 128 221
220 88 220 220 118 220 88 221
220 131 221
220 220 25 8 220 210 214 214 214 214 214 221
220 118 220 210 160 221
220 161 221
208 208 208 221
126 221
68 118 35 175 153 153 35 175 153 153 221
183 90 92 220 220 153 220 128 221
59 220 118 220 56 115 221
220 220 160 160 221
220 128 87 92 16 10 220 180 101 136 220 45 92 128 192 221
220 220 153 220 150 221
220 180 79 220 101 220 15 140 221
196 9 88 214 214 221
174 153 153 221
9 129 88 77 220 214 214 214 214 9 140 180 158 118 182 220 221
9 140 191 191 191 220 82 128 221
54 161 164 64 64 220 221
220 220 221
220 103 220 221
161 220 219 52 220 220 128 4 220 192 221
220 180 220 118 220 9 80 180 220 29 112 35 220 221
21 118 220 220 189 221
86 220 128 221
58 88 220 59 118 220 221
71 132 128 180 112 220 220 210 221
220 220 209 126 221
220 220 220 220 159 164 68 220 221
220 220 220 180 158 220 102 221
220 93 220 220 221
220 18 161 88 220 220 75 221
220 158 59 220 118 220 17 221
174 220 220 180 220 220 180 220 220 180 220 220 192 221
183 2 220 220 220 220 88 192 192 192 221
161 134 220 220 150 116 116 221
220 164 220 214 160 221
220 160 221
220 196 220 160 221
220 220 128 221
220 220 220 221
110 88 180 220 102 220 220 161 7 88 221
220 221
54 59 118 28 220 88 192 192 192 221
220 88 220 220 220 221
89 74 85 189 221
161 139 103 220 220 128 192 192 192 221
220 220 220 221
220 220 128 221
220 160 160 160 221
220 220 180 220 220 160 160 221
220 220 180 220 220 180 220 220 100 220 221
161 220 8 220 123 87 220 8 220 123 220 220 135 215 220 221
220 158 59 134 220 221
161 220 158 220 192 221
220 186 125 220 220 88 220 88 140 180 220 59 118 220 88 192 192 192 221
174 220 59 220 27 221
101 69 49 221
220 220 220 180 220 220 220 180 220 220 118 220 220 221
220 51 220 192 221
61 220 210 189 221
158 220 88 192 221
220 220 69 220 220 124 221
158 59 118 184 220 220 35 113 160 221
8 200 220 220 101 220 128 221
161 118 106 88 220 192 221
118 169 220 220 128 150 189 221
220 34 220 192 221
220 174 220 220 8 220 220 88 220 180 68 9 132 221
174 220 220 220 221
220 87 210 220 221
220 220 220 219 220 153 153 221
118 210 180 220 220 27 221
151 220 220 220 220 220 220 221
220 215 220 210 210 220 220 56 220 18 220 101 136 220 200 220 27 221
220 215 52 220 67 220 161 118 220 160 221
220 220 118 220 210 160 221
220 180 185 153 221
220 180 158 88 220 221
9 220 88 220 221
205 221
220 88 42 49 79 220 221
220 180 220 155 122 189 221
220 161 130 214 214 214 220 220 87 214 221
220 221
220 180 220 153 153 221
134 220 210 221
220 8 220 221
134 220 221
220 220 186 142 128 120 220 88 220 17 153 153 221
28 220 88 220 221
220 221
208 205 221
220 220 220 160 160 221
220 203 118 220 220 220 220 180 220 220 220 220 164 220 164 220 221
220 220 221
220 220 137 180 220 220 221
161 220 220 124 221
220 220 164 220 220 164 220 220 164 220 8 220 220 220 221
220 180 220 220 88 179 192 221
220 158 168 143 143 143 221
220 56 57 180 220 135 79 189 221
35 220 221
158 220 220 220 221
135 198 137 192 221
220 59 35 220 17 220 221
220 6 163 164 163 221
220 88 220 220 220 180 220 180 220 220 160 221
220 118 220 220 101 9 128 192 221
84 220 220 221
125 118 220 220 220 25 134 69 220 8 220 140 221
5 220 220 53 42 220 220 192 192 192 221
181 220 164 220 220 220 214 220 220 190 220 221
220 220 111 192 221
220 220 25 53 220 220 192 221
220 220 101 189 189 221
220 180 152 28 161 180 220 140 221
152 220 221
100 220 161 31 220 220 221
220 220 221
35 134 220 180 158 169 220 81 88 220 220 88 220 128 192 221
220 220 93 221
220 220 210 161 65 158 6 180 220 74 220 220 192 221
210 208 220 220 221
220 220 153 153 221
158 132 164 9 220 221
220 118 90 220 140 191 191 191 191 191 191 191 191 191 191 221
38 220 137 214 195 220 220 88 214 220 158 101 220 220 220 214 221
220 220 221
220 180 220 221
121 141 79 220 221
158 118 220 93 221
220 220 180 220 220 192 192 192 221
220 221
220 198 220 220 93 220 41 220 220 221
220 143 143 221
118 220 180 59 118 69 220 139 220 88 220 192 221
220 220 88 220 102 221
220 165 88 14 164 215 220 220 164 59 6 74 220 220 220 14 221
220 221
215 180 161 72 192 221
220 160 221
158 220 88 220 180 220 18 69 220 101 220 220 221
158 220 158 220 128 221
220 220 76 140 221
220 221
220 220 164 220 220 220 221
220 220 220 27 160 160 160 221
220 9 220 27 220 220 160 221
220 220 221
9 126 88 179 210 221
213 38 220 220 88 220 160 221
220 118 220 69 221
220 221
220 25 220 128 180 220 186 9 79 10 220 192 221
158 220 128 180 220 220 220 50 128 214 221
21 110 82 180 71 220 220 128 160 160 160 221
100 220 118 220 214 221
109 220 220 221
220 220 220 74 42 161 220 220 88 153 220 220 30 187 153 221
105 220 171 160 221
220 88 180 220 220 202 192 221
9 129 221
220 158 8 180 173 54 220 180 220 25 10 221
112 211 62 220 128 153 153 221
220 88 220 221
220 220 128 221
161 220 10 128 220 220 221
115 210 192 192 192 221
220 221
220 134 220 150 116 221
220 101 8 220 220 180 220 220 25 220 20 134 220 192 221
220 220 192 192 192 221
220 180 220 220 221
9 79 10 221
174 215 220 220 221
220 189 221
220 74 220 220 191 191 191 191 191 191 221
68 196 220 88 17 160 221
220 55 53 165 139 4 160 221
220 180 101 20 220 221
220 180 164 9 134 112 180 180 221
220 220 180 220 25 215 220 7 128 221
220 220 160 221
109 57 220 88 100 180 121 220 220 180 41 220 128 192 221
220 220 220 118 140 221
220 214 161 220 220 158 128 221
1 206 48 42 220 220 220 180 215 1 206 219 79 180 220 143 221
220 180 220 160 221
158 220 220 220 160 221
220 220 220 180 220 180 220 88 160 221
220 221
85 220 74 19 220 140 160 221
220 220 134 220 88 220 214 221
220 35 9 210 180 18 56 220 35 220 180 158 184 198 220 220 210 221
68 220 74 112 85 221
220 221
220 220 220 220 220 220 220 160 221
220 160 160 160 221
87 115 128 74 220 221
161 52 128 75 220 221
220 220 220 180 220 220 220 180 220 221
220 146 90 9 220 210 221
220 220 220 220 220 210 214 214 214 221
158 146 220 180 39 158 59 220 221
104 140 180 152 49 192 221
165 56 35 134 220 180 58 84 88 220 59 134 199 153 221
145 72 220 180 135 220 58 150 189 221
220 115 220 214 221
220 220 220 214 221
158 54 158 220 180 220 180 220 158 160 221
220 160 221
21 110 220 128 153 153 220 221
220 118 220 88 220 221
220 88 220 118 220 220 189 221
217 59 125 220 220 220 214 221
29 118 220 220 220 192 221
220 220 192 192 221
118 92 162 180 118 220 164 220 130 88 150 221
161 220 87 220 128 180 220 220 220 140 160 221
220 220 128 180 220 220 180 220 220 168 220 220 180 161 101 220 140 160 221
198 220 10 220 220 220 221
220 220 220 220 180 220 220 220 53 220 189 221
112 220 81 220 9 220 180 215 72 10 2 220 150 189 221
220 220 220 138 180 208 221
79 10 153 221
220 199 180 220 220 220 198 220 88 220 215 115 192 221
158 89 215 96 220 88 220 35 220 210 189 189 189 189 221
220 220 101 9 221
220 220 95 160 221
220 220 220 164 220 125 220 220 164 220 220 8 220 220 221
9 140 221
220 220 191 191 220 191 221
118 220 221
174 201 210 221
220 220 131 220 221
220 220 220 220 221
220 88 220 25 220 220 128 221
36 220 25 118 220 88 221
220 220 220 118 169 220 220 128 221
220 220 220 115 128 17 214 214 221
220 180 220 161 170 48 220 141 59 220 161 210 153 221
55 174 215 220 150 221
220 164 220 101 220 128 192 221
183 220 221
220 185 185 221
139 220 88 220 88 49 88 54 192 221
220 220 118 220 220 64 189 221
145 220 150 164 145 164 72 220 164 215 96 170 49 164 220 220 221
220 220 221
220 134 220 88 189 221
49 165 220 220 25 118 220 180 170 220 128 221
220 71 220 180 220 192 221
220 99 70 220 88 220 163 220 220 220 220 41 192 221
220 101 220 214 214 214 221
220 59 118 21 220 220 220 192 221
220 220 214 221
134 220 25 79 10 10 160 221
155 220 220 140 221
220 220 220 135 220 221
220 88 41 25 220 62 220 160 221
220 220 220 27 221
220 221
168 89 220 210 116 221
220 88 220 220 220 220 221
35 134 220 221
220 221
220 220 220 9 180 220 66 221
220 220 164 220 220 220 221
220 164 220 160 221
158 220 220 220 220 161 180 220 158 156 161 87 220 88 221
41 25 35 220 161 137 221
154 134 101 220 128 192 221
215 220 221
139 164 110 88 160 221
2 220 18 189 221
220 220 160 221
220 118 158 88 220 180 220 191 191 221
215 96 220 168 38 115 220 221
220 221
220 220 220 94 220 220 180 220 220 220 180 220 192 221
220 88 9 179 221
118 88 221
173 132 220 88 220 128 180 72 161 88 220 18 220 101 184 220 128 220 92 221
123 220 164 220 220 103 169 164 23 220 177 128 221
220 180 220 219 220 128 221
220 220 220 220 220 221
68 220 214 214 214 221
220 140 221
220 165 180 220 88 21 220 68 35 9 221
183 220 23 220 177 221
158 59 168 85 139 103 165 221
161 220 220 220 158 220 220 180 220 220 101 184 127 220 6 220 221
220 92 204 190 74 134 221
220 220 192 221
45 85 88 220 180 220 85 88 220 137 221
220 120 220 220 25 118 120 220 220 140 120 220 220 220 41 101 25 220 128 221
158 68 9 79 192 221
220 84 134 220 210 214 221
220 180 49 8 220 220 128 220 180 220 220 220 220 220 180 220 220 220 220 221
220 192 192 192 221
220 102 158 220 123 24 220 220 102 220 220 44 220 220 102 221
220 146 220 221
161 220 118 97 220 221
49 220 206 75 220 210 221
220 134 220 220 164 121 220 221
220 153 221
220 221
205 221
220 164 220 220 10 164 168 109 142 17 221
220 220 221
220 210 192 221
89 135 213 220 189 221
220 180 220 220 88 220 220 180 83 25 213 220 180 221
106 220 88 118 220 220 220 221
158 136 86 128 132 220 88 59 215 96 220 128 220 128 192 192 192 221
208 208 208 208 208 208 221
219 220 220 128 160 221
220 68 142 128 221
220 192 221
158 131 210 221
83 210 221
220 76 220 168 220 210 192 221
220 174 118 8 220 210 214 221
158 220 128 220 143 221
208 164 198 88 221
220 220 220 17 189 221
220 153 153 153 153 189 221
220 220 180 220 220 220 220 221
35 220 160 221
220 220 220 192 192 221
220 210 221
134 220 210 221
220 161 220 220 131 220 88 221
9 126 180 25 215 220 221
72 220 88 220 180 220 25 37 220 220 84 160 221
220 88 220 136 220 220 180 62 220 220 220 88 220 160 221
71 220 128 180 92 220 220 189 221
220 158 115 18 220 192 221
220 164 220 164 220 164 220 160 221
220 220 220 180 220 220 190 118 9 220 160 221
220 12 220 220 180 220 93 221
220 128 221
68 189 221
220 220 220 164 220 164 220 164 220 164 220 164 220 221
158 220 180 220 161 180 220 220 220 128 203 220 88 49 192 221
220 88 220 19 220 221
220 215 220 221
220 31 219 220 88 220 220 61 92 162 220 221
175 56 220 143 221
220 27 214 214 214 141 220 220 135 198 214 214 214 221
220 143 221
8 220 220 220 220 128 191 191 191 191 221
220 118 220 214 214 214 221
220 160 221
205 221
21 209 220 220 118 220 180 220 186 196 220 88 221
220 220 220 220 60 220 160 221
220 74 220 220 164 32 221
220 220 220 221
161 88 220 16 220 25 71 220 180 220 220 139 55 88 220 192 221
158 184 220 220 220 134 220 220 220 56 220 220 221
220 210 160 160 221
153 153 220 220 64 160 221
220 220 122 180 220 220 182 220 220 189 221
220 215 220 220 221
220 184 173 220 88 131 220 220 220 164 220 164 220 221
118 220 220 220 102 221
220 220 220 192 192 192 221
220 221
220 67 180 220 220 128 221
220 220 220 221
220 220 17 116 221
35 220 221
89 70 189 221
220 160 160 160 221
220 221
112 196 220 88 221
220 35 220 221
220 220 153 153 220 220 120 220 220 220 221
205 214 214 221
220 180 220 88 181 221
220 160 221
220 72 220 88 220 220 189 189 221
174 131 220 88 26 160 221
220 88 220 192 221
220 220 213 220 220 221
220 180 220 215 220 180 186 56 82 210 180 220 220 88 220 180 220 220 221
134 220 220 220 164 220 221
220 220 220 221
220 220 88 220 221
97 134 190 88 220 153 42 158 220 158 138 220 153 221
35 220 192 221
220 131 220 164 220 88 220 221
220 10 220 25 220 161 88 164 161 220 88 68 220 221
220 119 158 59 220 220 128 210 214 214 185 214 214 220 220 140 214 214 214 221
161 220 128 180 220 128 118 140 189 221
220 220 221
220 220 221
220 180 220 180 220 220 220 128 221
26 2 220 72 220 180 220 220 128 180 101 115 128 192 221
8 220 220 160 160 221
220 118 88 180 53 220 220 180 220 88 220 59 118 220 215 220 88 216 192 221
220 220 103 118 220 88 220 214 221
165 88 209 9 30 134 220 30 221
220 101 220 220 180 220 220 56 220 101 56 220 220 221
137 192 192 192 221
220 220 220 220 180 174 220 201 160 221
220 220 214 221
185 221
220 221
220 88 220 192 221
220 220 220 221
7 128 213 189 221
220 180 220 221
145 220 220 220 220 180 123 158 220 220 220 220 221
158 79 96 220 128 74 118 92 220 221
220 220 135 215 6 220 221
220 220 221
220 165 180 161 134 220 210 160 221
220 220 134 220 220 180 205 160 221
220 220 220 189 221
220 192 221
131 132 220 160 160 221
220 160 221
158 220 158 103 192 192 221
205 164 220 221
174 220 134 220 220 220 220 220 88 220 17 189 221
174 220 59 71 153 153 221
9 153 220 153 210 153 221
101 132 29 215 220 220 36 220 220 221
220 220 220 88 220 221
220 221
220 127 88 221
220 220 212 220 128 221
220 220 88 180 220 221
220 164 120 164 220 164 220 14 221
158 118 220 180 220 221
220 220 180 220 212 220 221
220 220 210 180 221
220 25 220 137 160 221
220 220 220 193 220 164 220 144 220 221
220 180 220 221
220 164 220 174 118 158 220 220 220 220 220 220 165 116 221
119 220 18 128 220 220 180 220 153 221
158 132 161 180 220 220 214 214 214 221
220 220 35 72 220 221
220 215 220 153 153 221
220 220 220 180 158 59 85 79 221
21 198 221
94 220 161 74 220 92 220 17 189 221
220 220 220 189 221
220 220 124 180 220 180 168 109 220 161 89 220 220 220 220 116 221
220 164 220 164 220 164 220 164 220 143 143 143 221
220 180 161 220 128 192 221
220 160 221
134 220 220 220 88 220 180 220 218 220 117 160 221
192 192 192 192 192 192 220 220 220 192 192 192 192 192 192 221
220 220 164 210 221
121 220 180 151 220 221
220 160 221
129 164 79 220 221
125 118 220 220 128 192 221
220 161 221
174 220 220 220 220 221
220 150 221
220 220 143 221
220 155 220 220 220 189 221
205 221
220 220 165 220 214 214 221
174 220 88 196 9 221
43 220 88 180 220 88 180 220 220 221
213 49 220 88 221
220 220 220 220 221
155 220 160 189 221
220 220 160 160 160 221
220 220 36 220 220 164 86 141 180 158 220 220 128 206 203 221
156 158 27 180 158 220 195 128 221
205 180 220 160 221
220 220 192 192 221
137 164 118 137 220 221
220 192 221
185 208 208 221
220 180 220 54 87 220 220 221
220 221
158 59 118 220 210 160 160 160 221
220 215 189 221
118 220 64 221
205 180 161 220 50 128 221
220 220 220 220 220 221
220 220 221
220 220 118 220 180 220 59 186 220 221
41 220 220 220 220 220 59 118 69 9 220 214 214 221
220 180 220 220 215 220 88 220 180 215 220 220 220 180 220 220 221
71 220 128 221
220 220 137 221
220 220 192 221
220 220 168 220 220 128 221
183 220 160 160 160 221
220 221
220 180 220 88 220 221
220 220 128 221
21 220 221
220 88 220 220 42 49 220 221
35 220 192 221
220 220 220 221
220 221
134 220 221
220 220 221
15 134 220 88 150 189 160 160 221
220 88 101 220 220 220 221
220 88 189 221
220 88 220 180 220 221
170 220 25 20 134 220 128 210 160 221
220 220 220 25 118 168 89 220 88 189 221
220 101 85 220 221
220 220 160 221
161 220 220 186 220 88 17 189 221
166 128 180 158 220 35 220 221
21 220 35 220 160 221
118 220 88 64 189 189 221
158 164 113 150 189 221
220 220 189 221
220 214 221
220 220 20 220 189 221
220 164 220 221
109 220 160 221
152 220 220 220 220 221
220 220 220 220 221
122 220 160 221
220 59 220 221
220 220 164 220 220 221
220 220 137 221
220 220 210 93 93 93 221
220 180 220 220 220 186 115 165 220 180 220 19 220 220 88 9 192 221
18 56 220 220 164 220 220 220 158 88 220 221
215 169 220 150 189 221
220 118 220 220 220 180 146 220 220 153 153 221
217 220 221
220 221
220 164 220 221
50 220 142 128 160 221
220 220 189 221
134 220 180 134 220 220 150 116 221
135 213 220 101 220 27 160 221
139 221
161 220 8 220 221
220 220 165 88 162 17 221
220 220 220 180 220 220 180 220 220 213 220 192 221
102 84 221
218 220 220 220 117 88 220 220 220 214 221
110 220 221
220 220 220 180 156 130 60 88 220 220 220 220 8 220 220 220 140 192 221
220 220 160 221
220 180 56 220 221
220 180 20 220 221
35 220 221
146 125 220 69 220 180 220 220 220 64 221
220 220 153 153 220 158 220 59 153 153 221
220 164 220 221
170 174 201 180 220 53 220 103 87 88 220 91 118 220 88 189 221
205 220 221
220 101 220 128 192 192 192 192 221
220 169 220 220 88 86 128 180 220 220 101 25 215 220 128 160 221
71 220 128 221
220 136 220 220 64 189 221
9 220 221
220 169 220 150 180 205 192 221
220 220 221
220 180 118 220 35 220 88 216 221
15 38 220 180 220 220 128 221
186 35 220 88 165 214 221
101 220 118 220 128 160 221
220 101 220 220 116 221
220 164 220 220 221
220 220 135 53 220 150 221
158 45 220 180 158 215 220 192 221
220 220 220 220 220 180 220 220 180 220 220 220 192 221
220 220 220 220 220 220 220 220 220 220 164 220 39 220 158 220 221
220 25 118 220 64 192 192 221
220 220 220 88 220 221
220 161 88 60 69 220 221
104 214 221
220 220 90 220 220 198 150 189 221
158 220 164 220 220 221
158 109 220 220 180 220 220 109 220 158 220 192 221
9 220 88 220 220 220 192 221
220 2 220 220 88 221
158 220 192 192 192 221
151 220 220 220 220 220 220 189 221
220 220 90 220 180 220 101 52 138 220 220 220 160 221
220 220 221
83 220 220 189 160 221
169 220 220 180 220 220 221
220 103 101 74 220 49 128 164 160 221
220 221
92 204 220 220 220 175 178 189 189 189 221
220 160 221
220 88 220 220 118 220 220 180 220 220 220 220 180 220 220 220 221
174 180 220 180 180 118 220 220 30 221
21 220 210 160 221
220 220 214 221
220 220 221
130 88 220 17 102 193 220 220 220 220 220 159 221
220 155 134 161 85 88 220 220 220 16 220 160 221
161 45 92 220 128 180 180 221
61 220 220 88 220 192 221
220 118 157 220 88 220 10 220 64 189 221
185 208 164 65 220 36 220 220 134 138 220 221
220 118 88 17 160 221
220 101 220 121 220 31 220 128 160 221
220 68 142 128 160 221
220 220 88 220 128 189 221
220 220 180 220 220 221
174 220 220 220 192 192 192 221
135 220 180 220 128 160 221
220 220 120 220 220 221
220 88 220 180 220 88 220 221
220 220 134 220 160 221
220 97 219 122 219 220 160 221
21 220 209 9 221
220 220 220 221
9 129 180 220 220 220 221
220 189 221
220 220 221
220 220 220 65 220 220 220 220 220 189 221
220 220 221
220 35 134 220 221
220 160 221
208 143 221
220 189 221
123 118 123 220 221
220 220 220 220 220 220 221
220 137 137 221
220 220 88 49 221
161 174 220 210 180 174 220 25 220 128 192 192 221
28 220 88 220 220 221
220 84 88 220 160 221
220 164 220 215 28 220 221
220 180 220 220 220 221
220 118 220 88 180 220 220 180 28 220 192 221
209 220 221
220 220 221
220 220 49 214 221
220 49 35 220 160 221
220 180 220 128 220 101 215 220 128 221
220 220 220 88 220 221
118 220 180 101 127 173 113 220 220 66 59 72 6 160 221
220 18 221
220 220 180 220 192 221
220 220 221
220 153 153 205 221
40 220 220 220 88 49 25 92 220 189 221
9 220 210 221
220 214 221
163 220 163 164 220 220 118 220 220 220 189 189 221
220 118 85 221
220 103 25 220 220 128 180 135 53 220 220 189 221
161 190 118 220 220 25 215 7 88 220 221
92 204 220 220 88 192 192 192 192 221
118 88 180 220 220 44 70 220 192 221
35 127 220 191 221
220 135 220 198 180 198 220 88 220 160 221
220 174 220 150 189 221
220 220 25 20 220 120 152 220 88 220 220 210 214 221
158 135 53 165 92 17 189 221
123 110 220 210 221
92 162 164 215 7 221
137 137 221
126 220 221
220 164 220 160 221
220 220 35 175 221
220 88 71 220 128 71 139 128 160 221
220 57 88 220 220 128 153 221
220 220 220 88 220 214 221
220 220 221
220 220 158 101 220 161 160 221
220 221
220 220 164 32 221
220 128 180 186 220 220 88 220 180 220 160 221
