192 220 220 220 180 220 90 220 88 220 220 220 220 221
220 215 220 220 21 177 220 23 139 220 29 78 180 220 88 126 173 220 220 221
32 164 22 220 220 220 220 220 220 46 220 73 221
220 215 220 220 180 220 220 220 221
192 137 220 220 134 74 176 220 220 180 88 171 220 220 8 88 220 86 221
189 92 88 220 220 220 180 140 220 180 220 118 220 220 180 115 220 220 118 221
192 220 88 220 215 195 220 180 220 88 220 72 220 221
214 214 220 35 198 59 220 77 221
192 177 220 220 220 220 23 220 220 220 200 220 51 220 220 220 152 180 220 221
160 220 220 220 220 221
32 164 220 164 33 220 176 24 220 164 220 117 220 220 220 163 220 220 220 221
192 220 220 180 220 220 180 220 220 144 220 220 119 193 220 180 176 220 188 221
220 119 220 220 220 220 220 221
220 220 215 220 164 220 215 220 164 9 220 221
192 195 90 131 220 220 220 180 220 220 220 79 221
32 164 220 153 153 220 220 88 29 16 220 221
192 220 88 220 69 220 180 161 220 220 221
192 164 80 69 220 133 220 4 220 146 220 118 88 220 180 220 215 220 220 221
160 160 160 220 220 88 220 49 42 221
214 214 128 220 71 21 180 220 221
192 220 220 220 180 220 220 220 180 220 220 220 220 180 220 220 22 220 73 221
192 220 164 117 220 220 218 220 114 114 177 220 220 220 158 180 220 23 221
11 82 63 220 88 220 154 88 220 220 220 180 220 220 220 220 220 221
220 69 134 25 220 49 220 221
220 51 220 30 220 221
192 220 90 141 220 198 161 180 147 220 161 220 220 221
220 220 220 93 49 88 158 54 16 54 158 220 221
160 160 160 148 220 220 220 180 220 220 220 180 220 220 220 163 187 180 220 221
220 74 25 220 220 220 180 220 138 220 180 220 220 220 220 180 49 88 220 221
192 220 220 155 220 25 180 220 220 220 180 154 88 220 220 220 169 84 220 221
153 153 161 88 220 128 86 180 220 128 220 158 220 180 158 220 211 25 161 221
192 220 88 220 220 220 220 221
32 164 177 220 220 23 51 177 220 220 23 221
128 220 220 198 180 128 70 25 220 180 128 220 158 220 197 221
220 114 114 220 220 220 220 33 220 176 220 188 220 221
220 134 53 220 180 220 220 90 128 220 29 52 220 220 180 29 220 220 220 221
192 161 54 25 158 180 220 186 170 118 220 164 163 164 220 14 164 220 164 221
220 164 220 164 220 220 164 220 114 114 164 153 153 220 88 220 88 29 220 221
189 150 220 88 2 220 220 8 220 88 177 220 220 43 220 23 220 135 161 221
160 128 129 71 214 214 214 220 220 220 220 220 220 52 56 110 21 180 81 221
192 192 192 220 97 135 180 220 220 220 220 220 221
192 220 220 180 220 219 220 180 220 220 221
160 88 220 220 21 180 154 88 220 173 88 86 220 221
189 150 220 53 220 88 220 15 142 40 180 128 220 220 15 221
192 220 168 25 49 220 220 164 180 204 88 220 220 220 164 117 220 218 221
144 220 220 178 193 153 153 128 220 88 220 220 220 220 220 220 220 221
17 220 220 8 219 220 220 174 221
140 220 141 181 220 101 180 141 220 221
214 214 96 101 220 180 220 180 220 220 220 45 220 220 220 220 10 198 161 221
220 220 220 220 221
189 220 89 220 88 220 220 220 221
220 67 220 154 220 220 156 221
192 192 192 57 220 20 213 101 220 180 220 88 220 90 128 220 220 180 220 221
192 128 220 74 101 220 203 180 220 35 220 180 220 77 18 174 220 142 94 221
160 220 88 84 220 180 220 88 84 220 221
160 160 220 220 88 220 220 221
160 220 220 88 220 220 128 220 220 88 220 220 221
189 88 18 220 52 118 220 165 83 221
220 8 101 180 220 88 54 220 220 221
214 220 9 220 180 128 220 220 214 214 220 214 214 17 220 186 17 220 118 221
192 128 50 220 163 220 88 220 220 221
220 220 114 114 220 220 90 220 221
192 220 117 220 218 117 220 220 218 117 220 218 180 220 220 220 220 188 220 221
192 192 192 128 220 220 220 220 221
160 160 160 88 220 220 220 88 106 22 220 220 50 220 220 73 221
192 220 220 168 220 188 220 221
189 150 220 220 158 142 220 180 88 54 220 220 220 220 16 134 180 220 220 221
192 220 22 220 180 220 73 221
220 161 139 220 131 98 180 92 118 98 221
161 88 220 220 170 220 74 91 161 88 220 221
220 220 88 220 60 180 220 180 220 180 220 220 138 128 220 221
192 42 220 220 180 220 168 220 180 220 220 220 180 220 220 220 16 220 181 221
116 220 220 118 161 164 214 220 220 221
220 220 180 220 220 220 180 128 220 219 221
32 22 220 88 220 220 220 220 16 220 107 73 220 220 180 128 220 197 220 221
214 213 128 220 161 178 220 86 180 88 220 74 118 220 220 221
160 220 220 220 220 21 181 89 220 35 81 220 180 220 50 220 220 220 220 221
220 220 220 127 25 220 120 220 220 120 220 220 120 115 71 220 221
88 74 180 220 213 199 183 158 180 153 220 53 186 88 220 180 220 220 220 221
144 82 193 214 214 214 140 104 220 88 211 180 220 87 89 161 220 180 220 221
214 102 220 164 220 88 161 220 141 128 220 101 49 69 132 161 12 221
192 132 215 220 220 198 50 220 220 161 220 31 180 220 161 220 215 220 180 221
192 192 192 220 118 139 118 220 180 220 142 220 220 180 103 220 220 158 180 221
192 220 88 220 158 220 220 220 180 128 1 220 220 117 220 88 220 218 221
189 150 9 88 57 103 184 161 221
189 9 220 92 220 180 220 220 66 220 164 220 164 220 164 220 164 69 158 221
192 220 168 220 49 69 220 180 220 220 220 49 69 220 221
160 210 220 220 220 88 157 220 181 31 180 128 220 2 57 220 41 22 220 221
11 220 164 220 63 220 128 202 220 158 220 153 153 112 88 220 221
153 220 180 177 220 23 220 220 88 202 220 22 220 220 73 221
192 92 118 217 220 161 96 220 161 180 66 220 123 88 220 8 220 217 181 221
32 220 220 220 220 220 164 220 220 220 220 220 221
192 220 220 220 152 180 220 88 158 180 220 220 220 220 88 220 220 220 221
192 192 4 220 220 220 180 4 220 88 220 168 220 220 221
192 220 220 220 180 220 220 220 88 220 220 220 220 220 221
220 220 220 220 180 220 88 220 123 158 220 220 180 220 221
214 220 180 220 220 119 171 220 220 220 212 180 115 220 220 171 220 220 220 221
220 128 220 180 220 220 180 220 220 220 220 220 180 220 220 216 199 221
192 177 220 198 101 220 187 220 215 220 23 118 220 88 220 220 52 29 180 221
189 189 64 87 220 68 161 120 220 220 88 220 220 221
189 150 220 118 96 161 220 88 2 220 221
192 49 88 161 220 72 16 220 72 161 180 40 88 220 183 220 88 220 133 221
220 220 209 180 220 186 220 153 174 22 220 220 73 221
192 220 220 88 220 118 220 120 144 220 220 147 220 193 220 220 220 88 220 221
220 153 220 220 211 59 180 220 161 180 49 88 9 106 161 139 220 221
177 220 220 88 220 220 23 69 220 180 220 220 180 220 220 220 221
192 220 220 220 220 180 220 220 128 220 180 220 220 30 220 220 30 220 220 221
192 220 220 88 220 220 220 118 180 220 220 221
192 192 192 220 72 186 180 220 180 220 46 220 168 220 220 138 220 220 220 221
189 128 220 220 180 220 220 221
189 17 220 74 161 180 21 220 220 88 161 181 145 221
189 220 132 161 180 220 220 214 220 220 220 220 214 220 220 214 220 220 214 221
192 220 88 220 220 183 180 220 134 220 180 220 221
192 220 131 88 220 173 66 220 79 158 221
32 220 88 220 220 177 220 23 220 157 146 220 46 117 220 218 221
192 164 220 100 88 220 88 220 158 220 123 180 220 88 220 220 220 16 220 221
160 220 220 220 220 220 220 188 220 220 180 220 220 220 88 220 220 220 221
192 220 77 8 220 220 180 220 220 220 220 221
143 143 143 143 143 143 143 143 143 220 164 210 220 168 59 220 221
192 220 134 25 119 220 220 8 180 18 168 91 161 88 220 79 22 220 39 221
160 220 220 220 220 169 37 180 1 220 220 138 107 37 220 220 180 220 220 221
192 220 220 220 180 220 81 220 220 221
160 220 88 220 2 220 8 220 220 147 220 220 69 180 220 221
160 160 160 210 220 215 115 220 220 220 45 221
160 88 220 25 220 8 220 180 220 88 220 220 220 180 220 220 180 128 220 221
192 220 220 220 220 220 220 220 141 188 220 220 220 220 139 180 220 220 220 221
160 220 88 220 173 220 221
192 192 192 220 220 88 220 220 220 180 216 220 220 220 69 221
192 220 220 88 220 220 88 220 220 220 221
220 128 220 16 220 18 220 26 220 10 6 220 220 220 69 127 219 94 221
220 220 180 220 220 221
192 128 220 118 158 220 180 220 161 220 180 128 220 220 220 212 220 180 220 221
160 84 220 180 220 220 88 220 220 220 128 220 220 220 180 220 220 50 220 221
192 220 88 220 220 161 65 220 46 220 88 220 220 220 220 220 221
189 220 220 161 180 220 220 220 26 221
192 164 220 220 131 220 88 220 220 220 220 220 220 46 220 220 180 88 220 221
192 220 220 161 220 31 180 220 88 220 220 215 220 88 220 221
192 100 88 220 131 174 180 220 220 180 220 56 220 180 220 220 221
159 163 14 163 220 164 128 220 219 220 220 220 220 180 220 220 90 118 220 221
189 220 118 170 220 220 220 88 220 220 107 220 220 221
192 220 220 220 220 220 220 220 220 220 220 220 220 220 220 220 220 220 220 221
98 118 165 99 220 164 49 69 220 164 220 164 220 35 198 164 100 49 69 221
192 220 220 88 220 220 220 220 5 221
192 220 220 220 220 152 164 32 164 22 220 220 200 220 30 220 30 220 220 221
160 81 80 88 158 220 16 220 220 220 114 114 216 88 220 118 219 180 216 221
160 214 220 50 220 74 91 220 77 8 220 207 158 180 220 220 134 220 20 221
189 220 53 83 220 161 180 220 157 220 220 220 220 2 220 180 220 220 220 221
214 161 200 8 220 220 180 32 220 220 180 220 220 81 80 88 220 132 180 221
192 17 220 220 220 180 171 220 220 220 134 53 101 220 220 220 88 220 69 221
192 220 220 180 220 220 180 220 180 220 221
192 220 220 220 180 117 220 218 128 18 197 221
160 220 220 220 220 180 220 220 220 220 46 220 221
189 210 87 20 49 15 180 88 166 220 49 220 138 158 153 128 220 71 68 221
192 220 88 220 118 180 220 114 114 220 118 220 88 220 152 180 165 220 220 221
220 220 220 16 164 220 221
160 210 220 220 180 220 128 2 220 220 220 180 128 220 220 221
189 150 128 139 220 161 180 172 46 172 180 140 9 221
32 164 220 220 220 172 164 188 220 220 220 220 220 221
189 220 161 42 180 220 220 220 220 221
220 215 180 88 220 85 118 166 180 220 88 220 220 215 220 202 128 220 220 221
192 96 25 220 220 28 215 180 128 220 101 220 220 103 220 220 221
189 220 180 220 180 220 220 46 220 220 220 220 220 220 221
102 220 220 175 128 220 220 220 220 221
189 17 220 220 118 220 180 220 220 221
192 8 220 220 180 220 220 180 220 220 2 220 8 180 220 2 220 8 180 221
192 220 88 220 220 173 118 180 220 35 180 220 88 132 103 220 180 220 44 221
144 220 193 220 88 220 220 51 49 220 69 46 117 220 220 88 220 220 218 221
192 220 68 180 103 220 220 220 74 161 180 220 220 45 220 22 220 88 161 221
192 220 220 220 180 220 220 120 220 88 220 220 173 220 21 127 180 67 128 221
11 82 63 220 88 220 128 220 221
192 220 220 56 175 220 180 220 220 8 70 220 145 180 220 88 220 220 220 221
160 220 220 47 180 27 220 10 101 220 220 220 220 180 27 9 221
160 140 220 220 180 81 220 88 220 220 220 180 220 220 180 128 220 71 68 221
220 220 164 154 88 220 220 8 220 164 128 220 164 220 88 220 220 220 221
192 220 220 211 59 220 215 220 180 167 8 133 180 220 88 220 215 220 134 221
160 210 190 134 214 214 220 220 88 220 214 214 88 45 220 88 220 220 103 221
32 164 159 154 220 220 220 177 220 88 220 23 164 220 88 220 220 221
189 215 220 21 132 47 221
189 213 57 220 164 120 220 220 220 220 88 220 220 122 221
189 220 220 88 161 128 220 220 220 92 220 220 180 165 220 221
92 220 220 180 220 88 2 220 174 180 220 37 220 180 220 220 221
189 220 220 60 2 26 220 174 180 220 88 220 180 220 88 220 180 220 114 221
14 220 88 220 220 220 152 220 220 221
214 206 220 220 91 128 220 158 200 180 49 88 9 158 139 25 158 220 215 221
192 220 118 220 180 220 220 220 220 173 22 220 220 220 220 220 220 73 221
32 164 46 220 164 220 220 220 220 220 220 220 164 220 220 220 22 220 220 221
220 220 19 220 148 220 180 220 8 5 221
214 137 220 88 220 220 198 59 220 221
144 220 100 220 46 220 193 137 220 88 103 207 215 109 214 27 220 180 220 221
220 220 168 59 180 220 134 220 220 220 220 16 180 220 220 46 220 117 164 221
192 220 19 98 88 220 220 78 180 9 35 220 98 88 220 220 180 66 220 221
192 205 180 220 180 220 220 221
160 210 220 220 115 157 21 180 220 88 220 220 220 198 220 221
220 220 220 220 180 220 220 220 220 220 220 221
192 220 220 220 180 220 174 220 221
192 2 220 88 220 220 99 220 220 154 88 220 220 220 180 220 2 220 180 221
192 70 44 220 149 42 220 220 220 220 180 220 128 202 180 88 220 220 220 221
160 160 160 82 220 220 155 180 220 9 220 221
143 128 220 71 220 174 220 180 128 142 220 220 220 220 221
192 220 220 114 114 220 220 88 220 220 170 5 221
210 220 220 220 180 128 220 220 88 220 2 26 118 220 220 76 220 221
144 82 193 102 220 87 103 30 220 44 139 30 220 69 30 49 69 180 220 221
32 164 220 138 56 134 220 65 220 46 220 220 50 220 221
220 87 115 220 220 180 128 220 214 214 214 87 220 220 220 221
189 150 128 177 220 23 220 220 88 161 104 22 220 220 220 220 220 152 220 221
160 160 128 220 131 220 118 79 180 220 131 220 118 79 220 180 220 161 8 221
192 220 220 220 163 220 220 180 220 220 220 220 220 119 220 220 221
160 220 88 220 69 180 220 221
192 128 220 220 220 220 158 180 166 190 220 128 50 221
220 220 55 52 220 35 46 165 220 139 74 220 220 121 180 220 220 88 220 221
9 35 180 220 220 220 220 141 30 220 182 88 220 221
32 137 88 220 220 180 220 220 220 220 220 221
220 128 220 220 220 198 220 220 220 220 180 49 88 220 220 220 220 145 221
88 220 220 220 164 180 220 38 186 164 180 140 9 164 180 220 220 119 220 221
192 220 88 220 220 16 220 220 30 220 220 220 220 180 220 220 220 220 88 221
192 220 180 220 180 165 220 180 220 220 221
160 160 160 220 220 220 220 220 87 110 220 221
192 220 220 220 180 220 220 180 220 220 180 220 220 180 220 220 180 220 220 221
192 220 35 125 180 220 198 220 47 180 220 220 220 89 128 220 220 220 220 221
23 153 153 210 220 9 194 46 220 128 165 220 141 180 128 220 220 25 220 221
189 220 75 220 21 67 220 158 220 221
192 220 220 88 158 220 46 220 220 180 220 220 88 220 220 220 180 220 220 221
160 220 213 220 220 213 180 220 134 220 220 134 221
192 220 96 101 220 174 220 180 220 220 94 221
192 220 172 163 220 220 220 220 220 180 220 220 220 221
192 220 180 220 220 220 220 220 180 220 142 62 221
102 210 220 131 180 220 163 220 220 220 8 220 161 220 122 220 164 177 220 221
214 220 220 88 220 220 180 88 220 220 180 220 88 220 220 221
192 220 220 22 220 220 220 88 220 220 220 220 220 220 139 220 220 220 73 221
32 43 220 220 214 214 214 128 220 25 180 60 86 220 220 22 153 153 220 221
189 150 220 61 220 220 53 161 180 220 88 220 180 220 88 220 180 220 88 221
192 220 88 220 220 161 8 220 220 220 180 220 88 220 220 161 220 110 161 221
160 220 153 153 220 88 220 220 152 51 220 180 220 220 220 152 148 221
192 192 128 220 220 169 186 128 220 118 180 128 64 220 220 221
220 220 220 88 220 61 5 221
220 220 220 164 220 220 164 120 220 220 164 155 220 220 220 220 180 220 220 221
192 220 220 220 180 220 9 221
192 82 31 178 155 220 75 134 104 114 114 164 142 62 98 220 220 221
192 137 220 220 85 198 59 180 128 54 220 21 221
160 137 220 220 134 9 180 220 220 221
160 160 160 220 220 220 100 88 158 180 166 158 221
160 160 128 220 220 180 129 220 220 180 220 174 180 220 164 220 164 220 221
128 220 101 29 220 180 167 220 16 98 35 153 220 220 88 87 220 220 180 221
128 220 85 101 94 180 205 221
192 220 62 220 49 180 33 220 220 221
128 220 115 71 128 45 161 164 220 220 220 91 158 164 103 88 220 128 220 221
153 153 220 220 220 220 220 180 220 18 220 8 220 164 180 202 220 88 220 221
192 164 115 71 88 79 99 91 180 220 88 220 220 180 220 215 100 88 220 221
143 27 220 168 180 220 90 220 220 213 180 220 220 220 180 128 220 220 220 221
192 128 220 220 220 220 34 180 220 220 220 88 220 180 220 180 220 220 220 221
32 46 220 220 220 198 2 220 220 220 34 180 220 88 220 220 221
160 210 220 209 220 88 220 180 210 221
192 49 88 100 220 49 69 53 40 131 180 49 88 220 173 2 26 174 221
192 192 192 192 192 44 220 20 220 79 158 220 221
144 220 88 220 193 220 220 220 220 52 180 220 164 220 180 220 220 221
160 178 220 220 220 220 130 156 221
192 220 139 220 220 220 220 88 220 139 220 5 221
160 160 189 150 88 220 142 118 174 161 180 220 88 126 20 186 180 220 220 221
192 220 220 220 180 220 220 221
192 220 53 59 220 180 220 180 179 88 220 53 220 46 207 168 221
32 164 220 220 220 182 220 177 220 220 23 220 221
161 220 49 75 183 204 220 220 161 133 164 49 75 220 161 146 220 220 88 221
220 220 161 16 220 220 158 220 221
192 220 220 20 186 220 220 220 180 88 220 220 88 124 220 180 128 220 220 221
160 220 220 183 220 180 220 220 221
220 164 220 180 88 220 147 220 220 134 180 154 220 88 220 220 2 220 221
192 220 220 118 174 161 220 74 149 220 56 220 220 161 180 220 220 8 118 221
220 220 220 220 220 220 220 182 220 115 221
220 220 220 220 220 220 221
160 220 131 220 114 114 118 190 92 161 220 220 220 221
192 220 220 220 220 46 2 220 220 220 220 221
160 190 134 180 220 128 158 195 220 180 21 86 219 84 220 94 221
214 214 27 220 180 220 220 220 88 85 8 220 220 220 221
192 11 112 72 63 165 74 81 220 88 164 220 164 220 180 117 220 218 88 221
160 220 220 220 220 200 8 221
192 220 220 215 68 180 220 88 220 202 128 220 220 180 220 220 221
192 18 220 49 42 180 220 220 180 220 220 128 18 220 34 180 220 220 213 221
160 160 160 220 220 156 88 220 215 180 220 220 49 88 220 215 220 21 221
189 220 12 220 220 128 156 220 180 220 88 220 220 221
189 128 220 219 220 88 220 220 221
192 220 220 220 180 220 220 220 164 220 164 220 163 220 221
159 82 220 220 163 220 134 25 220 211 220 220 21 220 221
192 220 134 180 194 220 164 220 194 220 220 88 220 220 221
192 220 88 220 169 118 74 103 180 220 220 220 117 220 220 218 221
192 220 220 168 161 131 220 220 88 98 220 220 164 220 164 220 164 220 164 221
192 220 88 220 134 35 31 11 220 63 220 220 76 155 180 220 76 220 220 221
220 220 88 220 220 220 221
32 164 220 220 201 220 220 180 220 220 220 220 221
117 220 220 218 220 164 220 164 220 221
192 220 220 88 220 180 220 60 117 220 88 60 218 221
192 220 180 220 88 220 220 220 101 220 158 220 220 8 180 66 220 21 220 221
153 220 53 38 220 220 184 213 209 220 158 221
102 220 35 220 88 220 220 180 220 35 88 220 102 220 88 220 221
144 220 193 220 220 164 220 220 221
160 160 160 189 64 220 88 161 134 104 22 220 220 220 220 73 221
220 220 220 180 220 220 220 152 180 140 220 88 220 220 84 220 104 180 220 221
192 220 220 16 220 164 220 164 220 220 220 22 220 73 221
189 150 220 220 31 220 220 121 74 180 220 88 220 67 220 221
112 88 220 118 180 220 88 220 164 220 164 220 117 220 218 221
11 220 220 164 220 63 153 153 220 88 220 220 220 164 114 114 220 220 220 221
32 220 220 220 220 152 220 72 220 220 220 220 46 117 220 218 221
192 220 88 220 220 34 180 220 72 220 88 220 180 220 128 220 220 220 220 221
32 164 220 220 220 30 220 220 30 220 220 46 220 220 88 49 220 69 221
143 210 220 36 120 220 220 221
189 220 220 118 25 88 220 180 128 220 220 220 180 220 220 221
192 220 220 58 180 220 220 58 221
189 150 128 220 9 220 161 180 128 220 220 88 220 221
214 220 62 220 220 220 164 220 88 220 221
220 128 220 220 88 207 34 180 207 215 72 221
192 220 88 220 220 180 88 220 8 195 211 158 180 220 215 220 215 220 215 221
192 220 158 16 220 220 220 220 180 140 9 180 220 83 220 83 165 158 180 221
189 150 220 220 157 21 221
163 163 220 220 180 220 90 128 220 103 220 221
192 128 50 220 88 220 220 221
143 143 143 143 143 220 214 214 220 220 220 120 220 88 158 128 220 220 120 221
160 220 180 180 180 220 180 220 88 220 220 220 220 74 220 221
160 220 220 186 180 220 220 152 221
160 214 220 210 128 220 220 221
160 160 128 162 88 41 220 111 128 166 197 221
160 128 220 220 180 220 220 220 180 3 220 220 221
160 220 220 88 220 152 180 220 118 190 88 220 221
192 2 220 88 220 220 99 220 220 154 88 220 220 220 180 220 2 220 180 221
192 220 220 220 72 111 78 180 220 220 220 180 220 220 220 220 180 220 220 221
160 128 220 220 220 174 220 221
220 220 88 2 220 220 26 220 220 221
220 220 164 220 14 220 164 220 164 220 220 164 220 14 220 164 220 164 220 221
220 220 163 163 14 195 50 220 168 91 78 180 220 198 220 221
220 220 47 16 120 220 219 220 120 220 88 220 220 220 158 220 120 154 220 221
220 220 220 46 220 182 69 128 220 180 220 220 221
192 220 220 161 148 168 220 88 220 180 220 220 123 180 158 220 8 161 145 221
11 82 63 214 214 214 220 88 220 69 161 220 221
102 17 220 10 168 220 221
220 220 220 87 180 220 60 220 221
192 15 88 147 220 220 220 221
192 192 192 220 220 88 220 221
192 220 220 220 169 220 220 147 220 220 180 220 220 220 46 220 220 221
192 192 95 134 220 180 220 220 215 220 2 26 180 220 221
192 192 140 70 82 88 220 156 180 220 220 220 174 8 220 220 220 88 161 221
192 88 220 74 6 180 158 54 165 220 161 220 180 220 220 220 158 221
220 220 220 220 220 220 220 220 220 220 221
192 220 88 103 118 88 220 180 220 35 220 180 220 221
220 220 198 101 220 220 220 220 180 220 67 128 220 180 220 220 220 220 180 221
189 188 75 180 80 9 88 220 8 220 170 220 220 220 220 161 220 221
160 27 220 220 220 88 220 221
32 164 220 220 180 220 14 220 220 180 24 220 220 25 220 221
192 49 69 101 123 180 72 145 180 220 49 88 220 220 161 51 220 220 220 221
189 215 220 161 220 220 164 214 220 220 220 88 220 51 220 220 220 221
144 220 111 220 164 220 193 191 191 191 128 195 98 220 220 87 220 220 180 221
177 220 220 23 220 220 74 25 180 220 86 220 220 180 88 127 196 220 220 221
192 44 220 26 69 220 8 220 158 31 180 44 220 26 69 8 161 12 163 221
189 189 64 87 220 68 161 120 220 220 88 220 220 221
189 150 207 161 180 220 128 220 136 141 221
160 220 220 220 153 153 140 220 220 220 88 220 220 153 153 128 220 219 221
160 220 155 103 220 105 180 220 220 221
192 220 220 220 220 220 49 152 220 134 220 220 220 128 166 220 180 118 88 221
220 220 220 164 220 220 88 220 220 220 88 220 103 220 220 220 220 220 103 221
189 17 184 161 214 220 164 220 69 103 52 220 180 220 69 103 220 221
192 220 220 220 101 220 180 220 220 180 220 220 220 88 126 21 130 221
22 117 220 218 220 114 114 154 220 220 73 221
192 220 220 42 109 180 220 220 220 88 220 220 181 220 220 180 220 88 15 221
192 192 192 220 220 220 220 142 217 220 199 183 180 220 220 217 181 49 199 221
192 171 220 156 220 88 220 21 220 180 3 220 220 2 221
160 160 160 128 220 220 180 177 220 220 145 23 164 220 88 220 9 221
160 220 88 220 173 2 26 180 220 88 220 173 2 26 61 180 5 221
192 220 88 220 35 90 118 158 180 96 158 220 221
192 220 169 220 180 220 169 220 88 220 220 76 180 220 76 221
192 220 180 118 125 49 88 220 220 180 220 220 88 220 220 220 18 180 220 221
192 154 9 220 53 59 180 220 72 22 220 220 73 221
192 220 220 220 180 220 88 220 221
144 82 193 67 220 220 220 198 204 88 220 22 220 88 220 56 220 161 42 221
192 220 220 123 180 88 9 118 162 6 134 220 180 128 220 25 58 16 26 221
220 164 220 214 220 220 88 220 220 220 88 161 42 109 221
220 152 88 158 118 174 180 220 220 103 52 79 221
192 220 220 180 220 220 220 220 88 158 8 180 220 88 220 158 128 220 220 221
192 128 220 220 220 220 220 122 220 180 220 90 24 134 220 180 29 88 220 221
153 153 210 220 220 131 220 7 184 220 18 220 117 220 220 88 220 220 220 221
192 177 220 23 220 220 220 220 220 220 220 180 220 220 117 220 218 220 180 221
189 220 167 83 16 79 161 180 220 220 221
189 17 83 118 220 88 220 220 220 220 220 55 180 128 220 220 221
192 220 220 220 220 180 220 220 220 46 220 101 220 78 180 70 39 220 220 221
192 192 192 88 220 190 128 220 71 220 88 29 220 158 221
192 220 8 41 34 180 8 25 220 220 220 221
32 43 220 8 158 164 128 220 220 88 220 164 220 128 220 170 221
32 164 220 134 53 81 80 220 220 139 220 180 220 88 220 67 128 220 220 221
220 220 220 169 220 220 88 220 220 220 220 180 33 220 176 220 188 220 221
189 92 165 159 141 220 29 65 220 161 180 103 88 220 220 220 161 145 221
14 220 220 14 220 220 14 220 14 220 220 14 220 14 220 220 220 220 97 221
192 220 220 146 220 180 220 220 88 201 152 221
161 200 220 8 164 124 220 220 220 220 220 220 220 214 220 221
32 220 69 220 220 69 221
144 128 220 180 128 220 180 128 220 220 88 111 193 220 88 220 180 220 221
153 17 220 220 139 220 220 165 25 220 221
192 220 220 74 59 161 86 149 50 220 180 49 88 220 220 14 220 164 220 221
22 153 153 128 220 220 220 110 158 220 73 114 114 117 220 49 220 169 220 221
88 220 213 118 157 21 121 180 128 220 62 23 220 220 220 46 220 134 211 221
192 128 142 220 88 220 220 220 15 96 197 158 21 86 180 220 220 221
192 220 128 220 220 59 220 180 220 11 220 63 220 141 220 145 180 220 220 221
192 220 220 220 88 220 177 220 220 220 23 139 46 220 220 220 220 84 180 221
144 82 193 164 153 153 128 220 220 138 134 220 180 220 115 134 220 220 88 221
160 220 9 220 220 220 109 221
214 214 210 177 220 23 220 180 27 220 220 220 55 221
160 210 220 19 220 220 180 220 220 220 220 18 213 30 220 30 220 221
150 220 161 220 220 42 180 220 220 220 220 152 221
205 180 220 118 69 180 220 220 118 69 180 220 88 220 220 220 221
192 220 220 220 220 78 180 220 88 220 220 164 32 164 220 220 220 220 220 221
192 220 88 220 220 128 220 212 41 180 220 221
189 64 220 220 220 134 220 220 200 158 180 220 220 213 25 220 220 220 220 221
189 220 220 44 220 186 180 220 220 44 220 186 180 220 220 44 220 132 118 221
192 220 220 220 220 8 198 180 220 88 220 69 220 74 101 180 220 220 220 221
192 220 220 118 212 220 180 220 220 147 220 220 220 8 220 221
160 220 88 166 220 220 28 19 180 220 28 220 220 221
14 220 88 220 220 133 120 220 220 88 45 168 146 220 120 88 220 220 221
192 192 192 1 18 190 220 128 18 118 59 180 220 220 158 221
189 220 7 220 64 220 220 220 30 220 220 155 180 220 220 220 220 220 221
116 150 220 206 203 220 214 128 220 71 220 180 220 220 169 53 25 220 220 221
116 88 220 220 220 220 13 158 220 2 220 221
220 77 88 220 220 8 70 221
82 102 128 220 220 101 220 164 220 220 128 134 220 221
192 220 220 180 220 164 220 220 220 117 220 220 218 88 220 221
192 220 220 88 220 128 220 220 88 220 220 180 220 35 220 88 220 220 220 221
192 192 192 220 220 220 220 46 220 35 111 221
189 150 220 220 220 135 47 180 220 220 94 221
160 160 220 220 202 220 220 161 220 221
220 118 25 92 45 158 220 164 220 88 158 220 220 151 164 220 88 161 220 221
220 220 88 132 214 164 214 220 199 220 198 220 21 220 220 88 132 214 164 221
160 220 220 220 181 220 50 220 220 220 180 220 88 220 220 30 220 220 220 221
192 192 192 140 220 38 220 180 220 220 220 180 220 221
192 220 220 180 49 220 134 221
102 220 220 220 220 219 221
153 153 220 220 174 220 220 220 220 5 221
192 220 8 220 69 134 25 220 220 220 221
102 220 220 42 74 220 5 221
189 17 220 220 161 180 220 220 94 102 13 219 95 88 182 221
192 128 195 211 101 220 220 180 220 176 220 220 220 220 220 145 180 79 101 221
153 153 220 128 220 88 220 220 220 197 221
192 220 220 220 220 46 220 220 220 84 220 221
192 192 192 49 111 118 220 180 49 103 118 25 220 180 220 88 220 220 31 221
220 117 220 220 218 220 22 220 220 73 221
220 220 220 214 214 220 88 100 220 10 220 220 221
160 220 220 220 220 88 87 54 6 180 128 204 88 220 87 128 50 219 221
177 220 23 106 88 220 220 169 220 220 221
192 220 88 26 21 127 220 101 161 180 115 220 220 161 221
192 192 192 54 215 220 158 180 220 220 161 221
144 220 220 193 153 153 220 9 128 84 101 220 22 220 88 220 220 220 73 221
220 164 220 220 220 118 220 220 220 88 220 180 220 220 220 164 220 221
192 192 192 128 88 220 77 220 220 59 220 180 220 220 180 220 221
157 220 88 220 220 173 221
160 220 220 220 88 220 221
160 128 220 220 220 180 220 220 220 221
192 192 192 128 220 220 220 22 177 33 220 26 23 118 33 220 176 220 73 221
189 220 74 220 220 69 180 220 206 221
192 220 220 88 220 180 220 88 58 118 174 158 180 220 101 220 180 220 220 221
192 88 220 118 180 220 88 220 72 221
32 164 220 128 220 26 220 220 220 220 180 88 220 44 220 118 220 220 18 221
192 220 220 180 220 220 180 220 220 99 220 4 121 180 220 220 220 213 158 221
32 164 220 220 220 164 214 220 23 220 220 177 180 220 220 220 220 180 220 221
32 164 220 51 220 88 220 220 172 220 187 107 46 220 220 220 220 221
160 128 220 220 212 220 180 220 220 220 88 220 221
220 220 8 220 220 92 105 118 220 180 220 220 8 220 91 60 220 220 46 221
11 82 63 220 88 220 220 220 88 220 220 220 220 221
192 128 11 220 63 158 165 13 198 206 180 128 220 220 220 220 220 213 220 221
32 164 220 220 163 220 46 220 220 88 220 220 118 5 221
220 220 88 220 220 8 161 165 165 46 220 220 221
11 82 63 164 214 128 220 220 101 180 88 220 134 220 220 57 220 220 161 221
32 220 220 88 220 220 220 220 76 46 117 220 218 221
192 220 70 220 85 101 180 220 220 118 177 220 88 220 23 221
192 220 177 128 220 65 215 220 128 220 161 65 215 23 220 220 138 220 127 221
192 220 220 220 180 220 220 220 221
220 25 220 158 220 180 220 220 220 180 220 220 180 220 220 164 180 220 221
192 220 220 88 220 220 220 220 110 151 180 220 220 220 88 220 169 74 59 221
192 220 220 88 220 72 30 220 30 220 220 180 220 220 44 45 220 88 220 221
192 112 88 220 220 220 16 220 220 221
220 220 220 46 178 220 221
192 195 220 220 180 220 220 22 220 220 220 73 221
160 189 202 220 220 21 220 134 161 180 177 220 220 23 88 220 76 22 220 221
192 220 88 220 58 118 180 220 88 220 221
189 150 220 220 57 220 134 161 180 220 88 220 134 25 220 22 220 220 220 221
192 220 10 220 220 220 180 220 220 128 220 220 11 93 128 220 220 219 220 221
160 140 220 88 220 61 180 220 220 220 181 220 221
102 220 220 220 180 220 88 220 221
160 220 69 220 220 158 88 171 180 220 220 220 220 152 94 145 180 220 220 221
160 160 220 180 220 20 220 220 220 166 221
144 82 193 214 220 88 220 220 220 118 158 221
32 43 8 158 164 150 220 123 155 220 123 155 118 180 150 220 155 220 123 221
192 220 61 1 18 190 220 128 220 68 158 214 220 221
192 192 192 179 88 220 90 220 220 220 220 220 156 221
112 88 220 220 180 128 220 220 220 220 221
160 220 87 220 180 220 87 220 180 220 87 220 158 180 220 87 158 220 180 221
192 220 118 220 101 180 220 220 220 220 220 221
192 220 220 180 220 88 220 220 180 204 88 220 7 215 173 8 220 41 221
102 101 59 102 128 220 59 220 220 180 128 220 101 180 220 220 220 220 220 221
192 220 220 180 220 50 220 107 180 220 88 220 220 142 220 130 164 220 164 221
220 220 220 220 53 145 180 100 88 220 103 2 57 53 25 220 221
220 220 180 220 22 220 220 73 221
144 220 164 220 164 220 193 220 220 180 220 220 220 220 220 164 220 214 220 221
160 88 85 118 220 88 220 221
32 46 220 220 88 220 220 220 40 104 142 164 120 128 220 220 221
160 160 160 140 128 220 180 220 88 220 220 130 221
93 220 88 220 220 220 221
153 153 220 74 220 88 220 152 221
192 220 128 220 149 52 101 13 138 118 220 180 128 220 149 165 41 221
192 103 128 220 220 180 202 220 69 8 180 44 70 44 70 133 180 220 220 221
192 220 220 220 118 220 180 220 215 115 101 220 215 115 53 220 180 220 115 221
192 220 220 180 220 220 220 81 220 16 220 221
160 128 220 13 161 220 180 128 134 161 220 166 161 12 22 100 88 220 57 221
192 220 220 8 220 220 220 21 220 221
192 220 88 220 220 173 220 118 180 220 220 220 88 220 220 221
192 128 220 220 220 220 180 220 220 88 220 220 221
160 175 38 220 161 180 210 220 88 220 221
192 220 220 139 220 180 220 220 139 220 180 220 220 139 220 221
192 49 88 167 8 161 16 54 101 180 167 8 49 88 54 161 16 99 161 221
160 220 135 220 220 220 88 220 220 200 220 220 220 180 220 220 220 220 220 221
192 220 220 220 220 128 220 220 180 88 220 220 220 118 220 164 220 221
144 220 88 66 220 134 66 220 180 117 220 88 220 220 220 218 220 178 193 221
192 104 220 186 220 180 88 139 118 25 220 220 165 99 180 115 196 220 180 221
192 220 88 220 220 220 136 220 180 220 164 214 220 88 128 220 220 220 117 221
14 153 153 210 109 153 153 109 153 153 128 45 215 220 68 158 180 140 158 221
153 9 190 220 115 19 220 180 128 220 220 112 180 220 220 220 152 128 220 221
160 128 220 134 197 220 21 221
189 17 161 180 220 88 220 74 25 220 180 220 220 88 220 221
192 220 220 128 45 220 221
92 220 220 180 220 88 2 220 174 180 220 37 220 180 220 220 221
32 164 220 146 220 46 220 221
220 14 144 220 220 193 214 137 220 220 220 198 180 220 109 220 221
220 220 220 88 126 164 220 220 220 220 52 220 221
32 164 144 220 220 220 30 220 220 220 193 220 152 51 220 76 163 163 152 221
220 220 14 220 220 220 102 220 8 49 220 180 220 202 220 202 102 220 10 221
192 220 135 220 88 161 220 180 220 161 42 53 220 221
214 220 202 13 101 170 220 41 220 221
160 160 160 206 220 220 91 128 220 158 200 180 49 88 9 158 139 25 158 221
192 220 88 161 54 173 2 26 21 118 220 141 180 220 221
160 220 8 220 88 158 180 220 8 180 220 8 221
160 220 88 220 22 220 220 73 221
189 92 128 220 220 88 161 180 220 49 51 220 8 221
192 192 220 49 69 180 220 220 220 221
144 220 220 220 220 153 153 210 220 69 220 123 220 221
210 220 220 120 220 88 220 220 220 88 86 220 221
22 220 73 164 214 144 220 220 220 193 220 220 174 220 220 180 220 220 214 221
189 220 220 118 81 220 220 180 220 220 220 59 220 180 220 220 111 61 220 221
189 220 220 220 220 134 220 220 220 180 220 220 220 46 220 69 220 221
116 220 90 24 200 62 180 220 8 220 220 220 180 220 220 180 128 220 220 221
192 128 13 168 220 88 220 221
192 128 220 220 180 220 220 220 221
189 220 12 220 220 128 156 220 180 220 88 220 220 221
214 128 129 173 220 88 85 221
160 220 109 91 81 80 88 220 10 22 220 173 92 220 220 73 221
192 108 220 108 88 220 220 118 180 220 88 220 118 220 221
160 128 220 180 220 88 220 74 135 220 221
192 66 100 8 220 220 180 220 8 220 220 180 49 69 220 221
192 115 215 220 88 220 31 220 155 180 199 220 220 180 220 16 220 88 149 221
189 220 220 220 220 42 74 220 220 220 221
192 220 220 13 220 107 180 220 220 220 220 94 221
189 150 57 165 134 161 180 220 220 220 173 220 221
192 192 192 140 82 101 180 113 35 220 203 174 220 83 221
144 220 193 220 88 220 220 221
192 220 138 220 220 180 220 220 220 180 220 220 158 220 180 220 220 220 8 221
192 220 88 220 220 180 220 88 220 221
192 220 220 220 220 206 220 221
160 128 220 220 198 197 220 164 220 118 220 88 220 158 42 173 220 220 221
153 153 128 220 59 220 89 62 180 220 220 221
160 160 160 220 220 220 220 180 220 220 220 181 220 221
192 48 220 99 53 220 31 180 48 49 169 220 220 220 215 180 220 220 88 221
214 214 220 220 220 118 190 220 220 221
214 220 35 180 220 220 220 221
220 220 220 59 220 16 220 181 125 184 158 221
189 17 220 132 161 11 220 220 220 220 63 220 220 164 220 220 220 221
32 164 220 88 220 220 220 220 220 220 220 164 120 220 220 220 220 220 220 221
220 57 220 220 161 220 22 220 220 73 221
192 220 220 204 88 28 173 180 220 180 66 220 88 103 146 31 180 66 220 221
32 164 220 220 220 180 220 220 88 220 220 136 164 32 22 220 220 220 220 221
192 88 220 146 174 180 220 180 220 182 128 220 220 220 181 220 180 220 13 221
192 210 54 209 128 220 97 220 139 220 221
192 220 180 128 108 220 108 169 197 220 220 220 180 220 180 220 221
192 220 220 220 220 88 220 220 198 220 46 220 220 119 164 32 221
144 220 193 214 214 214 220 88 96 110 161 220 88 220 220 220 221
88 220 220 220 220 118 180 220 190 21 87 101 158 180 72 25 179 199 128 221
192 113 35 220 220 88 220 220 181 190 151 180 220 88 220 220 221
32 164 220 220 180 220 220 220 88 84 220 221
32 220 155 180 88 220 74 91 141 180 96 41 180 220 177 220 220 220 23 221
153 153 128 220 59 220 89 62 180 128 220 220 221
192 220 220 164 180 220 220 220 164 180 49 69 85 220 221
220 220 220 180 88 220 18 161 180 220 220 220 10 62 220 180 220 220 164 221
220 101 220 90 128 50 220 180 220 220 220 220 221
82 214 214 214 220 9 220 21 180 220 167 47 221
160 220 220 183 33 220 176 220 188 220 220 94 221
192 88 220 220 220 220 220 174 65 118 25 220 220 134 180 220 220 221
192 220 84 220 220 220 8 220 169 33 220 220 220 152 220 221
195 50 220 184 158 180 220 220 88 220 220 220 36 220 184 47 221
160 160 160 160 220 220 74 220 220 171 180 220 220 220 221
192 192 192 192 140 220 220 220 88 220 220 118 125 174 221
192 49 220 220 220 180 220 220 220 220 33 221
144 220 198 94 193 220 220 220 220 220 30 220 220 161 42 92 57 165 161 221
192 220 44 220 220 21 180 147 220 85 94 220 15 12 221
192 220 220 180 220 180 220 114 114 128 220 220 220 220 221
192 88 110 118 220 220 180 201 220 164 32 221
160 220 220 180 220 199 88 220 220 220 128 220 180 220 88 88 220 220 220 221
116 220 203 220 118 180 220 203 165 220 220 220 180 220 220 220 145 221
220 220 164 220 164 220 221
220 220 88 220 118 220 220 30 220 180 220 35 220 220 220 30 220 220 220 221
160 140 220 220 186 180 220 180 220 18 79 219 220 79 219 180 220 35 25 221
192 220 8 220 161 220 180 220 168 25 220 220 215 220 220 180 220 88 182 221
32 220 220 88 220 49 42 220 49 42 220 220 142 101 204 88 220 220 221
192 113 215 220 96 215 158 118 180 113 215 161 121 146 180 161 220 220 215 221
88 85 118 220 220 88 41 221
47 220 180 128 198 219 180 220 220 221
192 220 220 180 220 220 221
189 220 134 25 179 88 220 134 220 220 180 15 221
160 128 220 180 220 88 220 161 220 220 221
153 153 220 220 220 220 16 220 171 88 220 180 128 220 220 220 220 220 221
160 220 152 220 220 220 180 94 180 220 88 6 215 221
192 220 16 220 180 220 180 220 180 220 220 220 101 59 220 220 179 220 221
160 128 216 88 220 220 220 197 64 220 161 46 103 220 88 220 101 180 204 221
220 77 30 220 220 88 220 167 47 180 88 220 220 221
32 220 220 88 220 8 220 69 46 220 221
32 214 220 21 118 220 88 188 220 221
192 220 88 85 220 180 220 88 85 90 220 188 220 221
102 128 220 101 220 180 204 92 96 215 220 121 180 220 220 220 156 180 80 221
192 220 220 161 16 220 180 220 220 220 41 95 134 220 115 221
160 220 220 220 107 180 185 220 180 128 220 220 180 220 215 220 220 221
116 220 49 152 88 220 155 8 135 221
220 164 220 164 220 164 220 220 180 26 88 220 152 180 220 220 220 220 221
32 164 128 220 182 220 220 52 8 118 165 220 164 220 220 88 220 220 105 221
192 128 220 38 101 180 216 88 220 10 168 220 220 180 166 220 74 161 180 221
192 220 18 220 220 180 103 202 220 220 221
14 220 50 220 72 60 180 220 88 220 220 215 46 220 221
220 88 49 69 220 10 164 220 88 49 69 220 109 221
192 220 220 88 220 220 220 220 180 180 180 220 220 88 220 131 158 180 128 221
11 220 220 164 220 63 153 153 153 153 220 88 220 128 220 220 111 221
192 220 88 220 128 220 220 180 26 88 220 220 21 8 221
189 220 18 213 83 183 221
160 10 220 180 220 220 166 220 8 221
11 82 63 214 220 88 220 220 220 16 220 221
160 127 220 83 18 180 220 220 220 221
192 220 220 220 88 220 148 220 88 220 46 220 220 221
144 220 220 220 193 220 164 220 220 178 220 221
32 22 220 73 100 220 118 59 220 114 114 220 220 220 221
32 164 153 153 128 220 87 62 109 156 180 220 88 161 16 161 220 221
192 128 220 57 220 88 220 180 128 220 168 95 60 88 220 221
192 220 220 220 152 8 220 33 220 176 220 220 37 220 164 220 164 220 180 221
192 158 88 57 220 220 161 118 74 37 123 180 220 220 44 220 220 180 220 221
159 82 220 163 164 163 164 220 88 220 118 220 101 141 164 220 215 220 215 221
220 220 220 88 6 220 203 221
192 220 220 101 220 220 180 220 53 204 220 180 131 220 220 180 220 180 220 221
160 220 220 183 180 220 88 220 88 57 87 220 221
82 193 214 92 128 45 25 220 220 161 104 221
160 160 128 220 220 220 214 214 220 220 70 180 220 213 220 180 220 220 220 221
160 220 220 52 220 180 220 220 220 220 220 221
160 128 220 180 152 8 118 220 180 220 220 92 134 221
192 220 220 220 220 180 220 220 180 220 220 12 49 88 220 220 220 220 180 221
220 220 220 220 88 220 221
192 220 88 220 220 161 220 220 220 220 22 220 220 73 221
32 22 220 73 128 220 220 220 169 220 220 18 180 220 220 220 220 220 220 221
189 220 92 134 220 65 220 164 220 165 161 221
192 220 155 220 105 180 220 221
189 220 220 132 161 180 220 77 69 134 25 180 220 220 88 220 220 22 220 221
189 220 122 20 101 220 89 88 170 16 119 220 180 220 118 220 221
160 127 209 220 206 46 220 220 28 136 220 203 220 4 79 180 57 165 83 221
220 88 220 128 2 220 169 220 180 220 88 220 220 121 221
14 220 220 120 220 88 220 220 128 220 14 220 16 220 122 220 220 128 18 221
220 220 88 158 52 220 220 180 220 88 206 18 220 164 163 164 220 164 220 221
153 153 136 220 88 98 9 14 220 88 220 220 221
192 220 41 34 180 220 220 220 221
32 164 220 220 4 60 88 3 220 169 220 220 220 221
220 118 35 180 220 220 118 88 86 220 158 220 220 221
161 180 54 180 215 180 34 102 220 220 146 180 220 220 146 180 220 146 180 221
220 88 220 180 220 102 220 220 180 220 220 88 132 177 102 220 220 180 220 221
189 17 220 55 180 88 220 118 220 21 184 158 221
192 220 88 220 173 118 59 180 220 88 220 173 58 118 180 220 221
214 214 92 118 88 220 220 103 104 164 220 88 220 221
192 192 192 220 215 220 180 220 220 221
192 220 220 88 141 220 74 220 180 220 220 220 84 220 220 8 220 220 220 221
192 220 220 220 220 181 221
220 164 220 210 220 20 89 220 174 220 220 164 220 128 220 220 220 221
220 155 220 217 181 170 158 164 220 35 220 130 164 220 35 220 220 221
192 220 220 49 220 220 180 220 220 88 220 220 2 220 8 141 180 220 220 221
32 46 140 177 220 23 220 88 220 141 52 47 104 180 220 220 31 220 88 221
192 220 220 220 220 220 220 220 88 220 220 46 220 220 221
160 140 220 220 163 220 88 94 220 220 220 220 130 221
32 46 220 220 93 137 220 220 220 180 158 220 198 180 220 220 220 180 220 221
192 220 220 220 220 8 78 180 220 220 180 220 88 106 114 114 220 164 220 221
189 215 118 180 220 220 220 182 220 180 220 177 220 23 220 220 180 220 220 221
153 153 220 153 153 177 150 88 220 220 220 152 148 134 23 67 128 220 220 221
220 193 214 214 210 220 122 88 106 118 220 180 220 220 88 220 221
192 167 8 220 65 170 141 180 220 132 59 220 164 43 220 221
192 17 220 88 117 220 218 220 117 220 218 118 25 220 220 135 158 180 220 221
192 220 118 216 88 220 173 180 220 161 8 221
32 164 220 220 220 220 220 220 188 220 221
153 153 49 220 118 180 220 220 118 221
160 220 220 88 220 3 220 221
153 153 220 220 220 220 158 220 180 220 220 220 221
93 128 220 126 220 220 198 180 220 220 220 220 220 220 220 220 37 220 221
128 220 88 220 220 180 220 220 220 8 220 220 170 180 166 220 221
192 220 220 180 220 215 180 220 46 220 215 220 220 220 9 221
192 220 220 220 215 180 220 220 220 220 180 220 220 180 220 220 221
192 220 8 118 25 70 220 161 121 180 70 220 180 101 123 180 220 220 220 221
160 160 160 160 128 177 220 220 23 220 88 220 180 220 118 88 220 220 128 221
192 158 220 198 80 88 220 134 180 220 220 15 8 33 220 176 220 220 220 221
214 150 128 139 220 161 180 220 45 8 158 43 220 221
220 88 220 8 188 220 221
189 220 220 168 220 180 158 220 220 55 180 210 220 221
192 126 220 220 25 220 49 88 220 220 220 221
189 72 86 161 180 220 60 8 220 221
160 160 160 189 128 220 57 220 220 220 11 220 220 63 220 220 221
192 220 88 220 220 220 2 26 220 221
220 43 220 164 220 220 220 88 220 211 72 180 207 156 221
32 220 88 2 220 220 43 220 220 221
192 220 88 103 220 166 220 220 118 88 220 220 220 151 180 220 220 59 220 221
14 220 220 220 220 220 220 221
192 220 88 158 220 74 25 180 9 220 88 158 139 161 221
192 128 220 197 180 220 220 128 220 180 128 15 50 221
32 220 158 161 16 220 88 220 46 220 221
192 192 17 49 220 89 168 220 180 220 88 220 174 180 128 220 220 220 220 221
192 128 220 88 220 19 66 220 8 148 220 220 180 3 201 128 50 220 31 221
189 220 83 118 220 220 220 47 221
192 220 206 51 220 180 220 158 52 198 91 220 88 206 207 158 220 180 17 221
160 220 35 180 220 220 119 220 220 221
102 220 220 180 128 220 169 220 220 221
192 220 46 220 136 25 220 220 220 220 152 220 220 221
192 220 118 88 2 29 46 220 164 14 220 164 220 164 220 164 220 164 220 221
153 128 220 220 220 220 220 180 220 220 101 220 88 220 221
220 220 220 220 220 220 220 220 128 220 220 220 68 220 220 220 220 220 221
192 161 128 56 220 220 49 72 101 2 26 180 204 88 220 103 139 161 12 221
192 220 220 88 220 30 220 220 220 118 180 220 146 88 220 28 106 84 220 221
93 220 88 220 118 103 220 220 221
160 70 101 220 91 158 180 220 88 220 161 16 4 158 52 62 220 145 221
14 220 220 14 220 220 14 220 14 220 220 14 220 14 220 220 220 220 97 221
192 220 88 220 220 180 220 220 220 221
192 220 199 220 79 16 220 74 101 180 220 174 128 220 180 108 220 108 133 221
160 220 220 220 21 214 220 220 220 214 220 220 220 221
192 220 68 118 83 220 53 180 220 88 220 220 134 29 180 220 220 220 88 221
192 164 220 220 220 88 158 180 220 158 220 88 161 46 220 220 220 220 221
116 220 173 36 165 47 164 220 220 221
192 220 87 167 180 220 167 8 220 111 220 221
153 153 220 220 220 134 161 180 220 221
180 220 4 220 52 62 220 158 221
189 83 128 220 161 180 220 220 25 220 49 88 220 180 5 221
160 220 220 88 106 118 220 180 220 220 220 220 30 220 220 221
192 220 220 50 220 220 220 90 37 180 220 88 220 220 220 128 220 220 220 221
220 220 220 164 220 220 220 220 164 220 220 220 164 220 220 221
192 220 220 43 220 220 74 25 158 180 194 210 220 134 161 194 165 158 65 221
160 128 49 220 71 161 180 220 220 221
220 220 220 220 35 118 220 180 220 85 25 47 221
192 220 70 168 220 220 219 180 220 220 220 220 161 221
220 164 220 220 88 84 220 220 221
32 164 220 164 22 220 220 73 164 32 164 22 220 220 73 164 220 220 220 221
189 189 17 83 128 220 161 180 49 88 220 54 69 134 25 220 88 49 220 221
214 214 220 220 180 220 220 88 220 161 118 158 221
192 220 220 155 220 37 220 220 174 180 220 88 220 220 128 220 141 180 220 221
220 220 220 164 153 153 128 220 220 219 180 220 220 22 220 220 73 221
192 192 192 220 220 88 220 220 221
220 220 88 220 220 191 220 220 220 220 221
160 128 142 220 88 220 45 220 220 180 220 220 220 187 180 220 214 220 90 221
192 220 41 220 177 220 220 23 220 180 88 220 220 110 49 220 61 180 220 221
192 220 220 220 220 180 177 220 23 220 180 220 220 220 220 180 220 220 51 221
192 161 220 220 59 180 49 88 220 220 220 158 221
189 220 88 220 118 83 220 55 180 220 220 220 220 88 220 220 8 46 24 221
153 153 74 161 38 180 220 161 220 220 27 220 145 221
160 220 35 118 220 220 180 49 88 220 220 44 220 220 220 220 105 131 141 221
14 220 34 78 180 128 7 158 180 220 88 220 14 1 215 220 59 67 220 221
192 192 192 220 88 220 20 56 220 89 221
128 220 180 220 220 221
192 220 180 220 220 220 220 215 180 220 15 28 215 180 220 220 220 180 220 221
117 220 220 218 220 88 220 220 142 158 42 145 221
159 82 220 164 220 220 220 88 220 220 220 128 86 221
192 88 220 45 85 131 180 220 88 220 180 96 215 25 220 88 170 220 22 221
214 214 220 77 88 220 123 161 18 180 220 221
214 128 220 220 169 135 180 164 220 88 220 221
192 220 174 86 220 131 180 220 49 75 134 180 220 88 220 221
220 215 180 220 123 220 101 220 180 128 9 220 50 220 180 220 9 221
153 153 140 220 220 220 220 220 101 123 220 220 153 153 220 220 220 220 221
102 158 220 14 158 220 14 158 220 14 220 88 220 173 220 220 220 161 14 221
11 82 63 220 88 220 220 220 220 142 158 220 99 53 180 220 118 145 153 221
160 220 215 180 220 220 180 70 101 220 88 220 220 220 180 220 88 220 16 221
189 72 86 161 180 220 60 8 220 221
192 220 220 180 3 220 221
160 220 220 180 220 88 103 220 220 161 220 180 128 50 220 221
144 220 61 193 164 27 220 164 27 220 221
160 128 220 220 50 220 221
160 220 8 49 69 146 141 180 220 220 180 220 88 220 221
192 220 220 220 180 220 220 88 220 220 220 220 180 220 220 164 220 164 220 221
32 164 46 220 220 10 39 220 88 220 134 180 220 220 220 221
192 88 220 220 158 180 220 158 220 221
220 220 102 220 88 220 220 220 221
192 220 118 88 70 157 220 180 220 118 88 70 157 220 2 26 180 96 220 221
192 220 88 220 155 4 180 220 88 220 155 4 180 220 220 134 168 220 84 221
220 220 180 220 220 180 220 220 220 221
220 138 220 220 220 220 221
220 220 220 220 220 180 128 13 220 94 221
214 214 171 220 220 88 220 184 220 221
192 220 135 220 220 220 42 180 95 134 220 180 220 8 220 180 220 109 180 221
192 164 194 220 194 164 118 220 164 120 194 152 194 164 118 44 220 221
220 220 220 220 220 88 220 221
160 140 220 220 220 180 115 20 220 180 220 220 221
192 220 180 220 220 59 180 220 220 180 220 220 130 198 184 158 220 202 180 221
220 46 155 220 220 220 220 107 180 144 220 193 220 180 220 221
220 220 90 186 180 170 220 220 180 220 220 131 220 221
192 220 220 220 51 158 221
160 220 220 88 220 180 220 220 220 62 180 220 87 221
160 220 88 220 177 220 88 6 220 220 101 180 220 88 6 220 220 23 220 221
192 192 192 220 220 88 220 35 220 220 220 220 220 169 69 220 220 25 41 221
192 192 128 158 220 180 132 9 158 220 88 220 220 220 221
192 220 220 180 220 220 180 220 131 174 220 221
153 220 220 88 220 77 220 220 51 220 220 221
189 64 220 88 220 30 220 30 220 85 220 220 220 87 220 135 161 180 66 221
32 164 22 220 220 220 220 220 180 220 220 220 46 220 220 73 221
160 220 88 220 41 118 220 188 220 220 220 220 220 220 220 180 220 45 220 221
160 128 49 88 220 220 131 220 41 123 180 216 88 220 220 118 220 86 5 221
128 220 220 158 220 180 220 174 221
189 150 220 16 220 50 220 220 72 135 221
220 220 164 220 220 220 220 164 220 221
192 220 88 57 220 180 154 220 88 220 8 220 221
192 220 128 220 161 220 49 88 220 72 220 8 118 99 25 180 220 220 169 221
160 220 74 180 220 128 134 220 180 5 221
144 220 220 220 193 220 220 220 148 21 221
192 88 220 196 180 220 180 178 88 220 69 86 221
192 220 142 220 50 39 220 220 187 164 220 220 180 220 8 212 220 180 220 221
160 69 220 180 154 88 85 134 53 155 180 220 220 155 221
22 220 158 220 180 220 206 220 73 153 153 206 194 220 194 220 220 88 220 221
22 220 220 220 155 220 220 220 46 220 220 73 221
153 153 220 220 88 220 220 220 221
32 46 220 220 119 144 220 193 117 220 220 182 218 164 220 220 221
160 27 220 88 158 220 220 118 88 220 173 220 221
220 220 220 134 220 220 220 88 220 8 112 180 220 88 220 188 220 221
192 220 220 88 220 220 220 118 220 180 220 220 220 220 220 220 220 188 220 221
192 220 220 88 220 220 221
192 140 124 87 101 220 180 220 180 220 180 220 221
192 220 220 220 220 180 220 220 220 180 177 220 220 23 220 220 128 220 158 221
192 220 220 220 220 180 220 220 221
192 220 25 92 148 220 220 180 220 10 220 130 180 220 56 220 220 180 220 221
214 214 220 19 44 87 180 220 44 220 180 220 220 220 220 221
192 220 214 214 220 220 78 180 220 168 91 100 221
189 213 220 134 220 47 180 220 88 220 220 220 53 101 220 24 174 220 220 221
192 128 220 215 219 220 88 94 15 221
210 220 220 59 220 180 128 220 180 220 220 180 220 88 220 220 41 220 69 221
192 220 220 88 220 37 220 220 220 8 180 220 220 177 220 220 23 220 174 221
32 22 220 187 18 28 136 220 220 73 221
46 220 88 152 220 220 220 220 221
192 192 192 220 118 180 88 220 132 5 180 220 88 220 220 220 220 220 221
214 220 220 49 88 220 180 213 166 206 221
160 140 220 220 220 37 167 41 42 180 220 220 180 128 220 220 219 220 180 221
192 220 220 215 180 220 220 180 220 35 220 180 220 72 180 220 220 88 220 221
113 220 158 220 161 8 96 215 158 133 180 113 215 161 121 146 180 161 220 221
32 214 214 220 204 88 220 8 220 220 220 214 214 220 220 126 220 180 220 221
160 220 131 88 168 180 220 220 16 22 220 220 73 221
220 220 62 220 3 220 220 220 220 180 10 220 220 220 88 103 220 59 47 221
192 220 220 220 180 33 220 176 220 220 220 176 220 220 180 220 220 8 147 221
192 220 50 220 180 220 220 111 221
192 220 220 220 220 180 220 220 220 220 221
160 49 69 146 180 220 8 49 69 146 161 180 220 221
192 192 192 220 77 88 220 220 220 220 220 220 220 220 88 220 220 221
192 220 88 220 220 97 180 220 220 220 220 199 180 220 220 220 118 124 24 221
153 153 220 4 123 220 180 220 88 158 118 190 220 220 220 68 220 220 180 221
192 220 88 220 59 206 220 180 220 68 220 88 220 180 9 35 68 220 220 221
144 220 193 191 191 191 191 191 191 128 220 158 220 158 180 220 128 18 180 221
192 201 220 220 8 201 152 220 220 220 220 220 180 108 220 220 220 108 88 221
160 160 160 220 114 114 216 88 200 99 173 2 26 221
189 100 88 85 57 220 75 134 221
192 220 220 220 220 220 220 221
192 128 220 71 101 39 220 220 88 49 220 220 18 2 220 88 220 220 139 221
192 220 35 220 74 59 220 88 161 180 220 35 74 59 220 88 161 180 220 221
220 220 220 164 220 164 220 220 144 220 164 220 164 220 193 177 220 220 23 221
189 220 39 81 220 220 180 220 220 180 128 220 220 88 177 220 220 220 23 221
160 220 220 88 220 198 135 220 220 180 220 88 220 220 220 22 220 220 73 221
192 192 192 220 220 114 114 220 220 220 173 220 180 128 220 220 88 220 220 221
214 214 214 220 220 174 128 220 141 52 220 180 220 220 103 220 180 220 92 221
192 220 220 215 220 220 162 174 220 221
210 220 220 88 220 220 79 34 158 102 220 221
189 17 161 220 220 220 220 180 220 10 215 161 180 199 220 88 2 26 221
160 220 41 220 180 220 220 220 88 220 220 3 220 50 220 220 88 147 220 221
144 82 193 164 220 220 220 156 128 220 164 49 88 220 220 69 220 220 220 221
192 220 88 117 220 49 220 218 220 220 220 220 220 221
192 179 88 220 180 220 220 158 42 53 69 180 220 88 85 220 134 220 158 221
144 15 220 193 108 220 88 220 108 220 220 220 47 221
192 220 220 8 220 220 220 220 180 220 8 158 221
192 192 192 192 128 220 118 220 158 180 220 161 220 180 49 220 101 59 220 221
192 140 67 220 59 158 180 220 220 134 220 220 221
189 220 161 42 211 74 220 88 85 221
153 153 220 88 220 220 220 5 221
102 171 220 156 220 88 220 220 220 134 221
160 220 88 220 180 220 88 220 220 21 220 118 220 220 88 220 220 221
220 220 220 220 180 220 220 221
189 92 79 8 161 180 204 88 220 158 44 220 180 220 221
84 220 220 180 220 220 128 220 220 220 187 147 220 220 221
192 192 192 220 146 25 180 88 85 220 220 181 53 221
220 177 220 220 23 220 46 220 220 221
160 88 220 220 8 118 25 220 220 88 220 220 220 5 221
220 188 220 117 220 218 163 164 196 220 220 164 220 3 220 15 46 15 88 221
192 220 180 220 220 88 220 169 220 180 220 88 66 220 220 101 161 38 180 221
220 128 220 220 102 128 7 18 161 145 221
128 220 85 101 220 164 220 215 158 164 220 215 161 221
189 64 15 220 179 69 183 220 152 221
192 220 220 220 88 220 220 177 147 220 23 220 180 220 220 139 220 88 220 221
102 3 15 220 220 220 12 221
192 220 220 103 96 215 180 6 220 90 127 220 8 220 220 221
220 220 220 220 220 220 88 220 158 180 220 220 173 220 220 88 220 128 220 221
192 192 192 220 168 59 220 88 220 220 221
220 61 164 220 16 220 220 174 181 220 164 220 164 220 88 220 220 215 220 221
192 220 90 118 174 180 220 186 220 45 220 180 220 220 221
102 128 220 59 220 22 24 220 73 221
32 22 220 220 220 220 161 18 205 114 114 220 161 200 220 220 164 177 220 221
192 220 220 219 180 220 88 158 118 94 221
220 88 220 124 142 47 52 220 221
32 220 180 220 220 220 220 220 221
160 160 160 220 74 101 161 3 220 90 220 180 220 9 69 220 220 221
192 220 220 103 65 34 220 180 220 220 180 128 220 184 180 216 220 220 220 221
192 220 220 220 88 165 220 220 220 215 220 158 180 158 220 109 220 220 156 221
192 220 220 88 220 220 220 103 220 220 158 180 220 220 220 88 220 220 69 221
116 88 220 220 118 220 220 21 220 220 220 46 220 69 220 8 220 174 221
189 220 28 19 161 180 220 220 220 161 220 220 16 220 220 21 145 221
220 220 220 220 180 220 220 148 220 220 220 180 178 220 220 164 220 221
153 88 220 220 90 220 220 39 153 220 66 220 220 220 77 88 49 220 180 221
192 220 88 141 16 220 221
160 160 220 52 35 180 220 220 88 220 220 221
220 118 83 180 220 220 180 88 220 220 180 220 220 221
192 103 220 220 118 180 220 220 88 220 199 221
189 215 220 220 180 220 220 221
192 32 180 188 220 220 220 180 220 220 180 220 164 220 22 220 73 221
192 220 220 220 180 220 220 221
192 220 88 220 118 220 180 220 220 220 220 180 220 220 138 220 220 221
160 160 220 220 88 220 221
214 140 220 88 220 77 220 180 220 167 220 51 220 37 221
189 17 146 220 220 180 220 94 220 221
192 220 61 180 220 220 45 8 41 180 220 118 220 220 88 220 221
150 9 68 220 220 220 220 85 220 221
220 220 76 117 220 220 218 221
192 220 35 220 180 15 94 221
192 220 220 220 51 74 101 220 220 220 220 152 46 220 220 220 220 220 111 221
189 140 128 220 220 220 220 180 220 88 220 220 220 180 220 157 180 220 220 221
102 210 220 220 220 221
192 220 220 220 118 220 180 220 220 41 12 220 220 41 12 221
160 160 160 220 174 50 87 220 181 53 220 220 221
192 220 220 88 220 26 16 220 139 220 30 74 50 220 152 72 30 220 46 221
160 220 158 220 102 220 48 158 180 158 48 83 180 220 48 158 180 158 48 221
192 177 220 23 128 220 133 180 177 220 23 128 220 161 146 180 220 113 88 221
192 164 220 220 220 220 220 180 9 220 168 91 220 220 180 220 220 220 151 221
220 88 220 152 51 220 221
189 220 118 220 88 220 161 221
192 220 220 220 149 180 150 220 180 83 36 88 84 220 149 131 220 180 92 221
192 177 98 149 148 23 133 180 177 98 23 146 88 220 41 220 180 220 215 221
160 220 220 220 220 180 6 220 25 162 88 220 180 220 220 220 128 220 220 221
32 164 220 164 220 37 220 180 3 220 21 220 49 220 221
153 153 220 180 67 220 47 52 220 180 142 221
159 82 220 220 220 220 220 220 220 180 220 220 220 220 221
220 220 220 220 220 220 220 220 220 221
160 128 220 220 101 180 220 21 220 220 220 221
143 49 220 97 49 88 220 220 220 92 87 132 220 180 220 220 220 220 87 221
192 220 19 135 88 134 180 75 220 15 220 162 88 220 180 165 220 221
117 220 49 72 16 220 49 69 218 221
11 82 63 214 214 220 220 220 220 154 181 109 220 221
220 220 220 134 25 220 220 221
144 138 220 220 220 220 193 220 215 33 220 139 22 220 73 221
220 220 72 56 220 41 180 220 72 56 220 220 180 220 221
160 220 220 88 220 220 220 53 25 180 220 172 176 172 88 220 220 105 220 221
189 150 220 180 220 220 13 220 153 153 153 153 220 220 92 118 123 220 180 221
160 220 211 103 220 180 220 88 49 220 220 221
32 163 220 163 220 164 128 220 220 88 220 220 220 220 220 220 180 220 220 221
192 220 220 220 180 220 220 220 221
160 160 128 220 220 220 220 220 136 123 88 220 180 220 220 21 131 220 88 221
189 140 220 220 118 125 55 180 18 2 220 88 220 174 55 107 180 220 220 221
192 210 220 220 180 220 220 221
189 220 220 56 220 53 220 135 220 220 220 220 220 220 78 180 88 220 220 221
192 192 192 128 220 101 220 220 87 180 9 35 146 220 220 221
46 220 220 198 161 220 220 220 221
192 220 220 49 88 220 141 42 220 134 220 220 78 180 220 220 220 72 220 221
179 88 70 220 128 142 69 220 220 163 163 220 220 88 220 30 220 88 220 221
192 220 220 123 118 220 220 88 220 220 180 220 220 88 220 198 220 131 217 221
192 220 220 220 163 220 220 180 220 220 220 220 175 84 220 220 221
220 72 66 220 8 49 88 113 173 164 165 220 221
189 118 220 88 220 55 180 170 50 220 220 88 220 21 46 220 220 220 26 221
32 220 156 220 220 18 180 220 117 178 220 220 218 220 220 177 220 23 46 221
220 220 88 220 220 180 220 220 88 220 180 220 220 180 220 220 180 220 220 221
192 220 220 220 65 59 220 221
189 220 92 25 49 88 220 220 220 40 180 220 220 220 186 220 220 220 180 221
140 220 220 142 220 88 220 220 151 220 128 220 101 220 220 220 25 220 220 221
220 128 220 220 220 168 219 220 220 220 220 8 180 220 53 131 220 88 220 221
137 220 88 182 118 174 180 220 220 220 220 220 181 164 32 221
220 220 131 206 220 149 8 180 131 220 220 88 80 221
153 153 128 220 180 220 220 220 220 220 69 221
220 220 88 220 220 220 124 220 220 221
160 100 220 220 180 88 161 220 219 220 123 180 88 220 219 220 123 180 88 221
192 220 99 91 180 220 70 168 91 220 180 220 74 220 161 180 220 35 135 221
189 220 220 180 150 128 86 161 180 80 180 220 220 88 220 15 8 220 94 221
189 150 220 220 92 134 161 180 220 90 220 60 220 220 180 220 220 221
192 161 128 220 99 220 158 118 25 220 220 180 158 220 220 31 158 128 220 221
220 220 164 220 123 220 127 168 59 220 180 220 220 220 220 180 220 88 76 221
192 128 220 88 220 220 59 144 220 14 220 14 220 193 164 220 164 88 164 221
192 220 88 220 16 220 30 220 139 158 220 217 220 180 220 142 220 220 220 221
102 220 88 47 220 220 220 220 102 220 220 220 220 220 220 220 39 220 88 221
192 220 220 134 25 220 207 158 164 14 220 164 220 164 220 164 220 164 220 221
144 220 46 220 193 164 220 220 114 114 220 88 220 221
192 220 220 138 220 220 180 210 220 220 220 180 220 220 221
192 220 88 220 173 118 59 180 220 88 220 173 58 118 180 220 221
214 214 220 88 220 220 220 220 220 220 180 220 220 88 220 90 75 220 220 221
22 220 220 220 88 220 167 41 188 40 73 221
160 137 220 35 97 180 220 36 220 220 102 220 220 180 27 220 221
80 88 220 220 128 220 180 220 177 220 220 23 8 220 88 220 220 221
192 220 220 220 180 42 42 156 88 220 221
144 82 193 164 220 220 220 164 220 164 220 88 217 16 154 88 220 220 2 221
192 220 220 220 220 37 220 220 180 220 220 220 84 220 220 220 8 220 118 221
220 128 207 25 41 180 88 165 4 220 206 221
